856
44043
40401
60061
32586
22980
25913
38229
91459
38083
44214
31075
74864
75034
46541
69893
17423
51373
28326
32043
48673
61959
94383
70156
10244
26892
42638
19017
97515
55519
39742
54623
13624
46343
78844
51249
77003
69734
16043
67469
39767
34968
69547
77701
41789
18821
21002
22606
98352
82272
24776
73783
32169
21108
14973
44482
37738
66961
54870
13829
77204
37175
84855
32875
40399
41419
32512
98437
18062
24063
98769
30555
90778
38564
39388
14695
14813
31875
16058
31883
66543
45760
18745
65749
72733
61265
74593
68709
55720
34883
71595
20511
21952
84276
21620
28169
43908
32237
79722
72614
12244
14594
11654
24890
25081
92527
82408
60886
72948
44991
75292
20261
68575
49390
38004
15403
59523
36725
40684
37261
17337
69745
72202
13071
75349
86901
46308
63212
97079
41406
69567
88340
79302
34699
87246
57884
99290
60210
83362
12407
76408
69713
91142
64931
52939
53845
19535
55309
22825
87461
18641
14599
14243
57860
88019
62198
99202
58651
38979
91939
21089
80455
80816
59055
55359
51787
70627
44456
33118
14374
10644
13781
86618
48738
11558
15059
56805
73221
80035
30766
57547
24753
30630
28482
78857
33374
86638
39434
72692
13505
51720
47680
53475
46548
63820
33819
39629
88098
37787
85153
50540
10164
60816
37806
66457
14310
92623
40682
82835
63410
20401
39696
32528
46305
17820
75914
29069
73972
64253
99002
69489
76869
28623
93719
86283
69350
72174
66526
75508
87608
59935
46200
58909
49497
37183
31425
58678
56280
52590
27633
19075
60243
62237
17739
24485
22953
36703
70328
85960
68739
75557
39138
32799
76583
98397
68372
16679
38888
30494
35210
54234
96999
40589
24454
57225
37966
56464
37670
84381
10151
12205
41595
29267
35684
67040
25949
28414
45228
78360
27655
55359
18063
69639
14452
71345
48965
87912
12264
11802
28975
51259
89332
16707
68728
31339
26448
21557
81720
21956
27761
17895
31972
94981
29737
49636
55141
75812
93332
17560
73989
68237
34200
56436
87248
70884
16693
50656
95774
40009
38852
53178
24256
69942
56542
32738
21830
30755
55852
34028
31565
91394
24714
22015
17195
65157
85371
90814
60092
76662
16414
26016
28606
91955
34302
78800
13684
59422
11942
37314
44792
37869
64278
10342
55891
23179
78914
49331
12421
98063
46117
48338
74128
86565
22169
78158
30216
12449
13975
64294
56072
82480
43495
41746
98813
91923
48439
30540
98744
95933
35262
13325
95954
98875
30182
61396
85679
93763
74664
99047
94736
22195
95076
47543
12464
69480
10891
25144
37342
28000
43999
29433
32449
97040
28417
12106
67841
61367
89206
69286
44697
41470
52766
10294
64643
22569
27326
68411
84152
23694
39952
22952
53675
93018
53075
95416
35588
71717
15834
14979
64252
37196
10894
83420
55439
23015
29434
19318
83717
86271
38619
72320
26596
13372
87574
30248
84540
71928
72272
20431
11767
56433
52279
69077
88472
54847
16528
93744
88175
33069
83390
81402
47750
16241
32975
22424
14705
49919
74583
15865
97050
50148
29558
60847
45571
66820
66444
77614
24730
63124
84225
91196
94458
41423
31252
93621
14866
55952
46552
60618
76302
64781
93369
63300
25613
92141
41736
37997
57161
61660
26946
46236
66068
41571
42814
49153
14220
71142
13081
40191
59030
64631
64861
13145
75344
20876
97655
66110
81109
92556
24609
18052
60736
41959
49937
49853
46189
67546
18897
26018
43878
82466
24068
84188
45332
58245
37929
29275
24497
22929
28776
73010
37938
58993
65228
75514
96529
84120
70692
98247
48810
42691
92482
89893
87646
62516
62841
64782
31335
13695
58364
52742
16716
53420
81478
58116
98227
11652
97997
97008
23208
81099
43582
36729
62161
29371
15153
42304
63760
54905
85738
13662
68523
64506
68834
19572
63686
31022
34830
31614
92956
99551
53011
61044
78062
92942
90585
71737
26533
55138
37986
98434
68202
58568
83125
81567
16262
11683
96489
81055
86763
73502
57759
21943
87924
56843
44660
26250
37129
65084
56933
87412
34474
59694
18982
15693
73713
27920
62142
48165
98160
56415
51280
78352
17025
27177
94595
12314
80038
53806
60802
49271
47041
52241
52714
26348
47687
18351
73651
71733
16745
60392
33456
51656
73502
79065
70106
63687
58797
18736
32642
11095
93227
36022
73580
27720
92509
61652
69990
73180
86525
98303
80805
44598
67030
89847
52450
52450
90955
47014
92068
52571
49061
19624
76490
56325
48178
70815
68441
93726
60260
59594
91348
18252
33493
43140
28733
62231
50177
44396
60400
53244
50668
32682
93490
75442
71222
68435
16044
90854
65144
18362
24372
89960
22132
44769
75585
72111
39271
82938
90550
18154
37893
60431
31822
78184
17536
69449
62591
22116
83219
10562
12475
84174
29363
75448
47659
91663
56943
84197
82468
59256
67622
80774
43814
69294
33087
24054
80667
77035
44396
85581
48438
31559
93925
59295
75487
52447
78465
76373
30115
11673
64853
79140
41477
93509
93793
36523
96116
83410
23362
25442
25447
68023
35808
96596
98228
33062
75854
77265
71659
98365
54092
34625
24420
56044
10707
29702
87687
92581
28732
62177
38320
87762
33596
75806
13995
55930
34129
15511
46948
45907
33236
99399
37427
48945
19426
85204
90862
24085
23633
11332
10040
72216
11693
38676
15684
30919
76102
45036
16367
56310
95270
11054
81480
32897
45433
21185
95798
75339
40976
27206
42374
27844
10408
43502
46832
80551
97963
20151
35306
22366
36960
32720
82550
89214
15836
39066
67508
52820
57929
78548
89496
46664
74466
60098
35270
69751
