1000
3692385691
2688426408
8924894513
3786798582
9583242495
8977340674
3247775968
9701395527
3504200405
1119887139
1519005746
8026657522
6659105747
7013800247
4589306711
2781888164
6489207998
6115113599
8656242966
3193670355
6254191845
3440911369
9972952381
9336513399
6686544412
6134323651
6919473034
3861229826
4546744406
1724491345
2517152621
3679284598
2519141079
4414537401
9921365850
7911394809
6464197253
2269257788
6396466955
7680528051
7590706387
7229519567
5625901988
3008807651
5091159687
5160013689
2148332432
2365635600
3404114977
6270114421
7352983741
4588454093
5377296865
4612393420
7009059187
8361498898
9506823845
8830743542
2551236023
1054457557
4172323285
6701028034
7921067116
2651846805
3720573836
9157998908
1901306241
5715066253
4792486395
4902188802
5088834680
4865584796
4920384302
1935500210
2658538442
8902853754
2158112237
4937861828
8308356361
9447256316
3247132282
9583512745
4295223612
3742617590
1670589332
3615823768
1846343386
7687126166
5742173823
9891425275
3759858400
1743171386
2089247067
5233823202
6221735222
9429973581
5523551328
8563837916
1712979106
4230489517
5853122841
3629196971
9157265656
2729662755
9111937730
8516130099
1419449587
4592484033
9818454000
9377785243
5144972176
6828523618
2197250514
2132584325
4614551018
3290962950
6934043197
2468717851
4303469949
4433073582
6133594677
1942646646
5748922710
6793025403
6034197786
4297006361
7213623165
8353129052
8582896851
1605299331
9042627578
2058121735
6769363495
6373940746
1706665092
4609115045
1354378131
4894666773
6956479982
5914195091
8370771620
3223947967
8749115057
5126180939
5931908863
8707727982
8642161878
5904749824
9099874439
6621156224
6944996338
4083541653
7688785601
4447686360
6079205120
2577966248
6667665464
6672479630
3874045035
3948253909
1656473915
5848043073
7924728970
5680818224
1307556597
8162916444
6377375835
7287392986
1085403742
1722396142
9430911402
2888924041
6668820774
8297450349
8328303327
1941716272
2334755932
1627509688
2247061125
1267363979
9108737404
6051772632
7985941860
3676869795
1884706424
3817790841
2344327791
5108740117
3895977600
3955636446
6849031153
6924092512
9630064873
6647419564
3151786709
5711230389
1870469429
1823120887
7288217860
8632595978
6810525928
6894201093
9663432295
3730409027
5844497543
8718241421
1867128043
3464412844
5612161894
2005481262
4570175412
3053763912
5704850418
5187972982
1362945273
1720641114
8841014889
7271051829
4525385180
4218405044
6345240852
9997061989
9748798053
8930801763
7887896943
7580894127
8573604814
7129143665
5686463552
6327979878
5151601611
8848659000
7109540741
7506034409
5611991326
8920941696
9975580606
3402341568
2130882805
1995880609
6542205815
5372140872
9628430655
9507153353
9946287476
2573786865
5428345364
3712582663
8496994231
6496412175
6384251477
7931498853
4299383803
3314343707
8379773184
6409672951
1157941934
1404193262
2597511745
2877314871
7148160025
7511229361
9055206907
4777123027
1526687853
9094058257
6495245548
2826402154
1883033401
2906508117
2569338584
1764850699
9777330094
6554833668
7406058490
2735871541
9403095521
3989155995
3273056279
1253274982
9947857515
2449005445
8722182611
2342576455
6505987725
8177977958
9923345162
7860619414
4087579606
6192370692
4851922125
6289146607
6266879200
2065887966
2775566205
3149588247
6553581943
1299767708
2187872712
3105965479
3200507565
3879452572
6650282841
1534719163
9301961523
8871538996
6583557239
1939084243
4244618299
1434578616
3480783079
3687505760
7971898079
3925129444
4158166094
3441334761
4372284141
6922634662
9772640465
2905922923
4573935914
6783391706
3720646089
5551615924
8247879061
1107371182
9530276277
5146816786
3934544631
4703427769
3823782405
7354951325
8953629997
1580577977
3713382163
3962416236
3760786057
9409353457
5003231956
5366664543
2367706652
8003939577
2318828646
6282791336
3314993300
8124463305
1514092847
6945042258
8096825999
5904606938
7737326524
1182438248
1040478208
8116022329
5242892805
7513645110
1956929140
6366966386
2051046419
5558702284
5350763464
8494355073
5010134756
7867972328
7774632692
7393481613
8894373872
9302432947
4680760361
5897596775
9409903611
3873793278
5307732029
8410843686
2768892511
4235203155
9782874770
5475747096
3861895728
5701996143
6704416989
4169999575
3352801389
6675272695
3057018579
1368333257
1100696265
3548979409
2456335131
2082135147
3850093856
8558451458
8995554701
5869949447
1790416464
6612441630
9777115703
8841201030
3504934420
5395194820
2456282863
3693942229
7752806449
9323808811
5507379813
4043929803
3785123670
6533051672
8430243132
9160993050
9743273279
4399384666
4343279599
5970957030
3960144989
3802965619
2644729716
1282435019
1494366524
8440575266
6614566531
8010217282
3795999041
9388714249
7233537948
3046129667
3849683828
9078348570
3291562929
4434471524
9867600317
2533654435
5298619170
7807658437
1174840707
2541425248
9338905798
2094802052
2897503072
4595070630
2080584466
3792498266
3783701951
1050049429
9360402352
8865019049
5665285594
2148254439
7521103519
2877786685
2476334384
3288830562
3891351813
6511972936
4164056369
3185430707
8616211352
8743234331
1669628389
4060484739
4383630495
6086082029
1730425864
7080871973
9499919187
2043535783
7993219031
1017554284
5221455964
7140806792
6819702429
5866458205
3239144334
4140201986
5169734782
1277643465
7793067391
6778657730
8330820093
5519229175
7869382974
7748703993
1290491391
2279711241
4958180835
2083028201
6697239937
1167151445
1137940257
9671436091
6222742238
4675605848
7438896783
1104651476
9213608422
1371561699
1288561424
2166808330
7529885192
5037261006
1811126932
1277406396
3775671926
6376292135
7868998041
6707694735
7779805076
9288909561
4318346151
1032168611
6726486825
5002214413
4803878064
5760163900
7005081818
1449090405
7993891250
7801677857
7976511189
1473280404
8371480832
3006217700
9489679004
7913714361
3850711993
5972608984
7696146385
2581423715
8783410408
4879524656
5376450088
2445744046
1449297522
8179841495
4497448080
8064015903
5377587428
6102541331
1952426126
6562338010
4645718382
2585109830
7259821451
6125692055
9305472461
9511997698
8013603767
8289626262
8840365711
7088151842
2332829357
2424643676
7461523361
3620160087
6450043168
6962164438
3804086138
6289166399
8995298348
6342631191
8447731121
2746670054
8031251480
7226778643
6416460280
3844863055
5345590904
8626441426
5280052837
6372386324
9699644678
7408580141
9177216784
7052398931
5322947483
8449889348
3707915934
2428133623
4198884389
7280834213
4716401963
2546608048
5429130965
8015492964
9697760845
1659826647
5395731713
2767242622
7268452009
2797189402
1493287701
1370728549
8181979601
4452549529
3164155522
3893016426
5920964782
9723338850
9480242337
4643014122
9479663264
2675945786
1648783778
2165076942
3783160239
8777378082
1126532346
4078597962
9719830043
6892987931
1435735859
1059773601
3812668614
2665375943
8885922407
1595477634
6546843615
5602967763
1263266049
8280370308
9727048110
1398602022
8504557520
7102080494
8613578084
8670504241
5667052703
8831156728
3432686159
6747941296
1172565910
9520393501
5997729818
3548881002
9709535688
4994176220
4447157045
4897678902
8305102881
7205183109
4310868023
3504100682
7793909692
8316416123
2165048944
9062612460
3676484412
1993853789
3015805706
6801433273
4208120806
8444044196
5962235035
9079045380
8712183002
8968643881
7612366180
2651382006
8331509903
6735229871
9076860302
7910466996
7637529773
5297915578
5744492001
6343564658
9640239080
2207385738
2120818791
6312882111
4589408753
4991338344
8262382609
9087057241
6400039575
8162121805
2943255808
3472218042
2896976791
4023352228
9700664579
7390603897
8355697042
3831805612
3787033320
3434600160
4403307177
1073255730
8179455785
8852167500
9574786668
8796451398
6813265784
7231189760
9612483379
8964636034
1969456941
1814420314
2068285402
7070843654
6219985213
2540222252
5729160644
7708989718
8341921810
5830616475
9417132412
5953267988
2676492678
3486193655
3581172965
4510160500
4763203634
5000424713
4010060783
7628545960
4459663067
8733856451
5222056973
1856322206
3463693290
1869959346
6740229059
3554503121
1276446603
9091476909
6440981157
4088255566
4512410717
8122727623
5108727977
1694850426
6650101025
2051386594
6537501554
3561770384
9111697880
4867815895
2363835775
7351194274
7342057441
6532936522
5463621132
2674381497
6945192347
3672790485
4895545790
2248590715
5275071253
7372826438
2345976590
5281514967
6061624842
4819220876
9552122872
1905390392
6698976722
8667266388
3350969623
8981419951
3451708675
6936751836
6746602871
3496591635
2305647773
7109136598
9210095293
9149285264
3201853200
7578789547
7488772047
4521766585
2023544124
8758783934
8965202596
1421122168
6186478651
2990661675
5568802265
5170009015
7528173791
5093540606
5801735764
9830532617
2791292020
5129632587
1373811400
9057753755
6228987650
8778472176
8656078171
2906773720
7548171667
1754326207
4121502995
7843828366
6430937536
1312770257
7320017160
2176446503
3666044002
8488870814
9262265601
1423336148
3541260774
8334506156
5121424173
6650427208
6490104627
8137660230
3392214049
6697621400
2538298538
9598263696
2354350643
2336028606
1052052104
7560615178
3469714203
1620856225
5864871773
7420264093
1601339070
6138238342
6837183801
6273545606
3660657620
6817402355
2438058372
6668687533
5607198592
9852832391
8418910832
8689720441
5544583826
5128706233
5147294850
4330829994
5289767221
9873035775
4793962159
7281885539
4128096803
5965813607
6606763383
8548418126
4679803227
1503451084
6683429460
8623489817
1269808903
2765033579
3020572712
8353800747
8577425627
7104849346
1029296931
6710331246
8586935371
7491440218
1661151409
2842861301
3184967051
1518226737
4512512989
8456776976
6868372145
5485548840
3104472237
5571573919
3963389524
8586325307
8300604893
3206253289
7041770186
8942457771
7464979855
2829414799
3015181688
2619370827
5247969485
8874954079
7795636276
2149268871
6266965739
9623189951
9380942167
8708089523
3230378759
7427772800
8461555657
2235906421
8015505548
6551109740
9375230002
5860865796
5169085625
6429035071
4498614030
9248404515
1313929355
7952886422
5055354642
2843529512
1155782246
4402602545
9604042761
4128093950
4651969806
1605196465
9811109319
9305039851
7302384022
5685352805
9120886841
1660911917
8514678898
3395934137
7901264982
8413018040
3053853481
4953942451
8762259040
8604370733
6823356971
6736705306
2397476968
5446204760
3357383783
9891723611
9442507552
4883018378
1835166556
4259529461
7327241421
9997675510
9928505176
9906416096
2820650436
3459634533
8695563363
9800584851
6403713773
1125428491
1738654467
7858104496
7735959012
4819271043
9753500139
9090727941
5472660000
9454095305
3537172139
9763568529
6274107930
7575671856
5901687806
5689605301
5899432014
1398532718
8186935695
8141395961
4741293387
5505488346
4676760979
9186858270
2498626068
6192483924
9588994065
8942615213
2898235240
3332421110
7357785964
5068320997
4194051574
4133127885
8962729266
9668318419
4893570324
1429753603
5085972038
4585260800
3381635021
5935466467
2855050614
4649342918
6716347316
6935544856
2392140090
9099996451
8131651776
7365013959
9258121481
2817959395
9090416149
1421303955
4593335087
3383642674
4846819645
2649836268
