1000
922302511
17188
2
45779005
308
9
2753951563
5380
1696
124172931
59658354
39740
702
2
597
3
5236380
69
389871
993
55187220
4049
8734
34558
3881377622
21521627
4
22615403
8565
33690
31244960
9
31
7662665466
50632
34183
96606
5491414
947
7013
635570
6516
7365989918
5179717
458024060
7347914
5237878979
4598
4
5384481750
68514
9723056
74158
594
2
1342
307600
4405315445
75
74
901564446
775
285167
5
16246
34
1376041046
39013233
2111497790
3993752
8151
401270746
2213402386
7161483564
724265
856
22
5383274409
37036109
32921
5420
51881
282987
2146365689
177987118
6921
4798439
39
7642850
2001160875
5
34
100152027
295101
612451127
2535
5633
61976587
11888
481633
81687615
682210
546
38908
9
63
371884
419139269
5
546207
883062713
73533
518239
8186534152
44710
6252
3242
174
392579238
28202235
8665689
48
611657
181745
178803
27067137
21120
22989949
236086273
548694551
21
14626883
8
84399
5288
4
88307205
284262
19769885
9594197948
3954901815
9621
254255127
51
23
76853382
9630039
35902347
9999
50830
27
51155
973
70273
95619
169255
99494
10
178716719
598284
8591
9607505
577626347
7
4456869664
215940
367501
1601273
51739517
995414702
508540
8270847396
75504097
7
2373276469
358
72347
9
801
4
5599560
5350659268
5228
75690056
7159594
33433768
33
649079199
5
1480
22
861891
77475735
429323
96751
7252
3458
99
9969
841828639
273198021
3486278033
166398
7
932
133149176
3774333
8666351401
22906626
44105
11
33
241926
80
163
2686056
832
1022
9
8
7
197206
28114
4070
4006
45
9582
45639
4
21
95
99228
3746
4
9893189221
7510868701
836
33720168
6451
535540
2659385915
94234
69450
28
52771
678582310
399657
20021406
2248358809
9
2306273401
52
721
47130
77678
7458
9070
4231
920
26
824607
2460293791
9975114230
7973027
431
261134073
915151280
32967781
677
13684317
77609
575
86491
8
48606
7062550
5
8
68804
188313
48413611
94740838
28535211
762
271315765
173
26764466
211290249
628891250
9881
437625
322
4378
940895354
492190
6207590
16
993498795
3028138764
2657106
2
702844445
17227138
78
937
79176996
8227473360
9802
39059
123648728
5703683
89534
105963
361852475
501743
9992900
609895135
67
142510734
3258722
969135433
6429563
810963693
672677060
896334655
254
335758
131665
69349559
19830
2693948
2133
1821253
4
58598859
3460062
59715
958408
90
1980379690
808797
9173572
4
3057998154
89
439255611
54355
88540
82
5
392957384
664
89236784
233653
8
4
60245
444623
264455272
2548
13
22837112
366688290
1951561
9565
792231909
1
428882189
832683259
6041070392
789
747760
761232
4163873572
896812127
7470573738
87849
6429559
8469
781
9836046621
2729815207
393162541
7389446242
6
9482
1542110270
856252275
4154047788
8733
6
73
2
5
609391
433738308
4896306
1687339649
33
465
41040
8498634879
48424357
294
99
862
569
50793493
6803333
7193687
9887459
7
340727521
92
726491573
99213670
88793686
390252
62125670
590238
223317
96088349
365
31
211315
2
41013990
697992
84364
85140
3509010809
719945111
9431663418
60158035
884417311
2891365
7525845
48
19
77
38438
9858233770
759412112
877701
353018003
746
92
8233461
338
4121204141
47
52964
113596775
6942957703
9
7559
73255653
923112789
77
410
7
661990
5
558
7643580
17
82411851
8
192104775
27385
620683
98304
8
967
754
6053660895
56735
3
275478226
6017579
4595259
585916
739189294
582640
705884
2129
1294
2173212112
6
7568069793
758
454
54783
97
5640
97995
157783469
547964
6314709802
86120
7
554283
1
762006
117
397
373006385
7660
4228753
712
9
5
567
111
80453933
97
328585
33764935
715
70647
1
152746976
194
5182
1675908
45042
4073933634
427264
9
181
1
2
30757
41060495
6
89
50794
5
46984
380
6341
1378052
48138
3971692
4622976253
8618028
877471849
23211
4786652
7287140
2906
64831
414058
563384
51
424460541
6837062206
5365550
5905438058
985
2567
899
1
7317948397
60
446
815
686553
8080511558
63680
131523
589145
9930141323
2630305413
87776
744335
45452926
89
297
2
81439999
672
332
7903
713768364
575027
364
38801809
8
55
2
4
709547712
2000663777
2021
66
81381971
1
681
2
3427843102
75459
11064
145923
915183
5018
854375197
894781780
388514
6091311
63633313
8854366744
8568323
763
2487
8743276631
8160926
1697942
743680123
13101
805461
55
9587
811815059
50
83819
87193149
984786553
785681768
23
6192
4342
422
27769
14
2177380
596288618
883159492
4
42256
8243
59
9903
9603465
36
805178670
93939042
1
638
3182
8
6
5
744289
56
37397
8277
704582
782417789
106236263
5233316578
81
879
324402
1758517050
4678
72
96716
8998825305
33
10530
35160
17463086
6
7305395
136979
139786
4
242818140
593371
36251
56
371
7444982520
40412
495502
137001
4813471
535
668
3
8615
9935787
8
8624762
694
459
58
686494
950023400
226207
80
1537
3750016884
83
8
8397378499
7727680846
9378355
94414
64725290
73264379
69
24275
32869681
7792
63691
415232541
793734
481818
4726900
17828
1
288
775771569
917739648
4454985
866447579
63588435
4
4620752123
980099
988397940
6545
535
7
14047646
594637204
67549041
2879075
8108
9558345
256447
6991177938
7
21573
283057748
298803
60984172
10
7428318846
7499261101
954117985
8708363
246
437149
3660
93707
86
627088
6
8
2405895310
425
840342786
4829
473227
71
5114739
208882617
8888
6649991601
523982038
41
945
6466234456
1
8338339
2116444
807
185
499621
702989043
5369
8135
7543
95476
68
7455
652187
645064462
2034305198
830
769
1
847
248959
688474
559371204
27751274
9842169
89474
18822
866992825
7138497
1987011357
61089
7
31
166099
5199
2562540870
799106
3378180938
6
134182
76489
9574
86900320
235
31120215
95435
39376
5785
259774
371495108
2993743
2386
7592858
740
9692
9377
1585371
84786022
4756
94150
10649245
2600
1
5
234
791
4
34
30
4385619
5
38851596
2125790867
6959
7653250479
259711
26129
7029
71863
985724
97004219
6109
690747
80426052
7575
697527
9
2
2165088828
17032599
722542
6053
4
6
749939375
5716607090
83341
78075
2
7
91964378
658
103236
146
4416
491029367
99
6018161
639
28
208
282864153
529
6124209
87874366
236509
6284778125
622879116
6922
5871362
732995
646780
74746
61570
596
826033
343687
58
1
3080
5967776
218925593
69430
78
21489
8897048291
9668268
8242
18
6562658383
735218756
87297
70154
775
79
73752665
5559754
895
356065
55232846
4578976522
2
830816
999985
78
65380933
28091
3129
42632166
59509
8247697429
6
80840040
9378329
659
879429466
744
8679
7666591
65
44163
765761
19686969
519
42
9359
476
4696
795
7099057685
873816683
329301
14588
601
7982
5443
351674137
6919497
2501126708
976
771334932
3560271
4526713
419151318
2
588011266
7635836068
1756
22
320518
470
36
12
68989
675412
14724
69
8
5381
724293
657290420
30269
35649443
2
771318668
16163
48182
180111274
5322108
133289
3624550
6
1837
2765629
