1000
639654456
6654659718
907
632108
56829776
480686
8608615
4036
7831
696
22879324
3677622
3
343
5892433
778532069
69688902
45
8
21795
949
905659967
9
78401
95762316
39990188
3365632413
326166236
15998346
6
2793038584
369347714
97833
36017893
5500034
23866330
8123223332
5190612557
29
13837
227085321
1629
700274913
71362073
33
769886
4522744
832
6
370749
7327983
5710093
2926545
74
7
7052689639
455
1
1917648
13752154
1862843348
732098
42820579
649485
5380
2560423
586
5907220337
860
6548321
435843
9195
4698415790
2209
1042188318
14079
665
55
9144779
77164837
71751500
662267399
8217078
8082834
62
2865011181
9660
407005
839725605
27759700
87
9070698511
72602528
5861
5
763
9838632
6516
492556687
3216028049
764534
4
4043967
843989
762
768
2031788512
98645025
4053211423
60375974
453081
9
108064183
9241
35425
834596
559677
50
86341
8
6459
5893
598
9357134625
47299475
7535301
327
6
583
8798404242
897
6436844
74
57334
185396033
8657154408
8928625470
27
23
1699061
86156
2776752296
7833
57
1228705335
3357437982
23302
9023569
6
39
472497347
56194
64653
9920152
8
1883
26051785
55
7723105
5
400
42
252
1387
37
7418
26686
31629
586416065
813
853
3362266
71327447
15
86
87161
290615
908747016
77
429
17232703
868
11893
41332
8625844292
4768
836819
4487368
20090
4760
99469
85420430
6886569
79986606
470425168
85172692
53264
58
4500
79
613
990763
95759226
8
67
84493
55729375
3
69
282
5336587033
83414
8177343
3
429
3168590313
60337
448
63014084
49834024
566067
934
769385363
789
20219006
1
58
8
44685
665
312646845
543190
9
34038
4245926
626984
38537
613110
785263820
3939
3376337
186
8838149
1271591540
60
87690
61
9199691098
8887
75439969
6
10
6923
6782
9063
3
414510514
658232343
882917054
30625
5721700405
9768955167
6783
984
157310474
986550
78
4821842
59140
3327876161
53
6260
3885487
1
149409
9
650
9
551
5623679
4
13143880
73565695
51995
561506266
4
809
894279
346
8122057746
18
2677
48810651
7277
11657
7
87506
386855
4
310690131
33
3682414376
15
34
4025006
1200031
6796650
5
257298297
30776772
173236226
9638840971
14
683891665
159586
8
1418718
71
5907
70586
77
880
37496138
5460
61349
72668
99412
5975047
27438
109225501
5
537233226
984
1272
645869166
42
1
693943099
9403
85
9298
9
6036373902
9506813
4671
83
8
2086277583
7
82
38
26136071
33
6
571832
2984486
650103757
8
633
31586049
15
115176537
3852208655
9368403746
9160963
19
40563141
7089524
4929348
2
472733
5375
793
4
657553956
67818133
627
967851639
404164017
2076733702
4
1063716
503
8528
541
7
84
7390126307
6048009
92
7
62103
78695762
637450
3098
47
9382968
1940
22190660
7072
2
3013
833
45611
90934
74
50550
8636942
3806069
537006833
85
63
92
21528762
345938
176669
85769732
362313316
214769
8367
495
893021
30926
528925
779293113
47
809816767
8184
940307828
4297040
2722
4334532
48
61186016
957
13111707
17
779
9106
958
444507
987
85
604892
4583113002
3464
1023
2745175608
830199
6
6582445
8096
49507
822
73
4906833486
213
9
639
243943
934
6117949
717585
9643711
8768163328
36276
33003
9669851
1289004840
866
588032629
5673630588
580879827
247261
2
144550
6950
73815242
226692481
12
59168
237780467
12
8829
6844955357
231
85549185
344727919
11
2
53826913
898
557006598
39537
99
895910665
95357
41928
604
1364844913
2447037245
295027057
21807512
945549
8267122
288
36192
659397
35
1700
18648579
5319465
498
6
9945304418
258294051
534
42111
224
445129076
6
910920
71
157676
22362754
9
77567
172449
632115
323
391
930355444
393730
376
822641
126755651
89167971
775
790033019
942
8448
2
32672501
7528291
73963
517615402
25705
68052
69827
267
70015
41682360
9400451133
60262
95
885727718
9877066728
45514875
95
224
21
1911566
7512
660603127
399
78033
384371
69201
664020283
484709
8291
8037
988
9994496476
3076472160
4577
75
85788100
3
9
4358256
41240475
151918007
26993
6296
90214
27
939407
40009
50
5348081
4758454
921
27
2057050
4
193059
1377997054
7480852
7490648298
7756497
32996
85995
41
5720563
45968955
3020
16
885659
15
134207
2
3021463
478806
706859400
539
8020
37891
6
154
8868
70008447
244202
1629
2645443
3302875
5030990
79545792
959593
37420
1756
2177428239
10
8814334113
8318497313
850036
2140
7
850081500
90496003
8285
890173
925934156
9315
8070262
88033121
580315642
5807
4408770
504338
85
5665904408
3260010915
45625
587087940
89
89608616
1414
3148850
394
3003177
4409222167
91032207
815
38068
9579983
3
5293
37226
216
195106015
753
55895
6411
8
38468
28
7725815123
59567583
5583
975723
397963
4823
1
645
6632
8721
8827073282
7899150570
8470227938
63
4041775
50485234
5033372412
13920629
8773
13
3021707307
6893
709310182
6509618928
46
97
357
8127889
9482
356867520
40
7490
67080427
5766930
648561284
699180
9509006507
318
50817
35
2219
962543
833
827617
55249597
643
135
154
940879455
79620275
806
1730282026
938753
697
84226
611404
712307
45846011
525
279364
71
8059
1
35
89369
6488
43
34509455
7817396
11
112207
5
169
124704947
251485218
4204796955
17938778
596897
219981828
22169808
3084461379
890169
623165421
7970905184
2
8
9156013663
18771916
6
6777
59014050
805406
1139865
69
80567021
8945715
78403
629
7202
442
167
3
2
80608878
99393966
9
84
435454
32424646
4
918552951
3087158
8342937
9217358756
527305135
81
739274
104509862
978
713
69
8123988
42316850
375719
91
9493027
9663
1
44283
78270661
794212
4
86
952974
5586656
87176
3824511166
3
9918789330
394
42
407327
7919823290
528
811467
17767224
175061
46057173
764356934
7
7183
21
15033073
7647192
401
5
2269551782
203
438
94171389
597149
894716
20
6085721274
4532
1022
9984073140
208
443
45376
92537
5801
1294
727960369
72
451
8377
1722031
51
181311
556
810788109
28
77
4293
351691
9006755985
259174277
522281
3042459507
332
6450
7664
41029
537290
4831294373
437796
701463
3351159283
869
9955413134
256116412
2430391736
439
9468850
6
2882357810
1114941950
82
651180
17775737
9022
5500425
1057508
3784750
93056
454024825
187
528207397
9441
23
811
518296492
62
1868487245
93696
684624479
82992
5
8278200
18321611
239173351
5118341285
1573461818
12730779
50
9041912
7952121996
811393
187278
1353956
35031
4757
37043102
1025
803252
4353
302
6
29
8361594
72
49361065
8790018
623398335
26789760
543
3
8143741487
417198869
8180108
56
907742485
82566
6779791074
85064585
620784312
247880
4941
9
60
8414
848178975
35378529
542599029
22085940
8645948738
59695
8934
3469
89
75925027
73
951
805403
302
71169
706937
54929747
42664785
7533042162
4539091
98925270
577706302
59
392977
2
84
1552401
956349489
6
434
845
653500233
836566131
50867336
50930562
4416979
7384
399
1050358
5
245778332
540
99125483
8786
918
18288805
9
3
7185636006
175054
9180
