1000
5796058
96
2632
1030236
884862273
453173
163947751
1911244
5639219
6869414759
8413
30
633
70503
79230
89
8265918
4385203013
1473813718
9
334068384
4478946791
3939082
950522344
77134
4
152199
6137780
860040134
51
80167
730520
238678516
6022750
747
8099
2220971878
426157322
32903173
35
4303124164
114665262
540
2
3571493
914
56
3956466
5467130814
88
24000
5039469668
4561468
227376
1624437745
126147
4503558550
60791
49
360520363
2
4
331
6
680205062
7518985314
19640551
268446
70
8977
40
4
251928663
19920
96
296418
747853
446
902821295
149713
3546213
311803668
6
6790473484
2
36906579
87478467
273737173
799261
52033
441
5344
60
94
27
8187112
29743
9865
948545407
92620
6679381
2901
17453770
5951528636
532599
3
45
97090429
78035
3932
567112101
753
7787
20892154
774
45396602
25
569226
9663
92436393
7405040613
27
950482994
5
776
45701
2206296
379509719
72
82108217
8
1
441300
3593
687876934
561569356
29918
497421
255840
21056199
3027875
964709
2436550
640
57801
813845931
7543
642178
79921
8479
9626
59
10131
32887
1016733232
286622
731379
2944
2686
50811
7928112324
86813601
9
2
4911
9062126363
44482728
625
43561
817
43174
845
30088
555
529
82
288782467
86
96
8064
8046
82
5381783848
410268
4053014
83
9643990
530
687307887
653
984704
2097
912966
245
5591611958
7764325
7144529
29299
4
366969658
17536
5
71988619
8928811
794
83058
3303201
980
209798
8414
3264739093
75
69666194
170348415
8858
903953390
600140
3646
3217
93160232
2337652240
68
9
1
8591698
576633933
43840452
57
354770622
17017
878214990
890652
4680
212
74004838
840948013
4265780
4978672
64
133363465
87510134
3
4230
97
3678
815675
2438854
160670426
99468763
58
197179874
2110849811
273914
9263554830
199007
7024300963
6670
24661151
131384679
7676036295
2
8466837693
8970507
843038087
1870321
51431350
5
6
5089
505573
866925986
489304
4876
79
7827
7258084
76
8381909
1720262
3517
1103810857
2023968
36
5196872
5520296
36
44762
3565399228
2799212
8144859758
774
666087
9
619741819
9274857
8291583
76
994
98022
41
3246409
1003519
8655751336
6454
55
84024252
73122
536
5
7
39819937
8589643826
32227
3044076513
42
130
311075
8784152371
6392981318
33205
2278
854
19531
9757547059
1463719092
4335
84509853
8
323771
7074460942
6027
7117121592
6956744342
1364
78
2569822574
985180
5159
9296093038
40017
3978
5424060
5
2751
9941514
532058105
1034090
721196845
3436983
79
941645
49288978
81173354
3907
330
820187
8109
8362909411
964179007
5
2981226
9581237
5991
1999
95
811805875
49061
2280970
27792
1677725
7467
118551
36
3731169
597196
83085
85
3804
932
5656031
206108
2
7104119968
9
10654
457480972
91
95
15402332
8856041
2786722
23132023
6956147625
192
9
3
4
7
41470
5
73
8
40287909
7234739349
165261809
325936979
3149651
8014189
2499666
898114568
18419
642484423
3417117
12
329
2684840
2229274
19782
8
4
46951
3269
3
688987
673285602
72003
93
595873950
268107070
5866
5254008067
320
533
2629677
8734597
35404
57662
890001878
6496088
669
66
2409
355
916
51625
19393503
36
492760673
3894
155
66386
800724969
5313
7524
5
902882
1837052
8968734
3924
91886503
24
313
852077285
2169099
430548
24210
5
8
3903722218
879
5
73523219
597634782
65093838
160
4792524
62834400
6
2812478906
570
59979638
4075014
714
50111
58173424
1108011111
95339398
7279400887
39663
1465437
4777653887
64040094
4
6
37786
8887765476
66379
720875
7
3220442
6241544
32
9099852
496056
92
4616105
3736625706
8973306
1218940
5061186
151200228
17887
3435406
5
34740392
6126
16829
60
84984
893624562
906387158
729
8675628
1849
7642290
291064221
2832776853
915649703
771
77
9365207
55908832
923921
620826052
26
98583
1
1
2173626
624
4774
7642566
8226710
548153049
21713
529
78973476
340
7
2085
5620
226
55
7119854
20
1
29
58787230
3977217
2603
9419327
32732
662870128
75452260
6671
598142370
8062521259
2035
52243736
3731271763
30
37508124
7
898
5
53998336
29088
1213987754
69
158991061
5906243
335
781072
86111
588
883
9
8179337
1515
1157393191
1600
13
109
3593299
81071349
9485449587
46
7180
8
6
6977
3341
621
341
1
80784
306
3
49361
47
73841675
43
31
919986697
869
56152
955292537
44824
862960
91168
284594
380504508
3887750
992983583
41
82
7
8
79106
6275294
492981238
3407157451
3385757
9022957483
26838584
41810067
865343973
4953
889649482
615
85663
41
379202044
685040778
9869
8590
39561
506288307
56342
6440
2533818
949346
4439569576
49864765
9376069427
4940051
12342
857331
182973
65017142
69
60826
982
485418
624399
5516
93880
152287
317937177
8980137693
77805
32469
5469399
6193
8
86291595
7180448604
5498
252990499
8
60
878204286
5614587960
950
3294037277
66783
80
8
68
592151
392753144
8
641455611
4928798
583469
6
5059156269
7160
5
3
806906
8134426
71
7683390
95673
9146628
3641734431
188804
82135146
683
255240
6861519588
684
7309555
4
157463698
28689
1500489
4678
3697134028
10
956026
34
4074
927189
993631681
9584249
38583451
91381728
1639638
6408
786114
11
2601426
2366476106
313516242
227723274
729892
764
6280834
5249
12393633
8
491079532
207
3412
661387
47863
1324
5
71231
78816
93798594
6262750
1092537462
3
92800385
2267914003
9218
829117813
1745
295
8070
9676
7141545
351434
7574968
321
85604776
950
4
624604
948694
9743830885
85
1499661247
194
7648664020
783579740
566
771058387
7492993
22371
26
6850502208
3026584887
730
539
841908
27
33371
295
2245
2
8254
1
8
284961
65710441
561
625
5910075928
4355
419582012
55397030
803347
320841602
41818157
973
275
11
7674355204
1418
7080
43
8
55
387983
256233
441786
27
329
387
29
57909
936
1
2748891733
841179958
8476713606
44512
967
68754
3557711404
876
6216
75
25809342
3398
6
653
666029
3838
1096715336
42266
9466986271
34
27
309751213
46823268
4580532
3031
349127
573795
1894912855
3
527106443
414841622
93681
20
8029127436
96660888
7
39875405
44122
836711958
5
456998
9
96
95556477
5862027
40
9
2
79946
8501051
36367595
258005
4
339544
3359850621
3698
294429
83
522192090
497727
21
4370308
418533480
96875189
51750107
3
121
556435
45568651
842520
6691820
3178743
642
6480
8576
933078
302237136
9778
53816
43550
1059643205
3229678781
8209363282
73556216
8
494056
33304
6833
59945666
730375852
851788
520826
38176
669845
29425
8
536133341
79
43569725
4872
195624
4843
73366800
284081
51
3223
72
163
58279
285644258
6994
4323
5
1213907137
4
998167
5
566
2489558114
17121
958
91
14752786
2761
235551
353
714313
86501
7
661
1350513567
9808731
484401849
6869572
171096048
2
5
6056
746391891
52181
49486871
243417126
53
57448
28693409
857
60212216
71
273
53605253
4662
4725564
173284
8
42
94580
3
875487
67645
7
85
888008
50
8469425
89548816
72210563
2123020
5001657
373132548
92
8185
501
220154
