100
1744 11249 14398
2519 3960 9069
1964 6637 8583
18199 18882 3833
11888 6248 5119
1907 3953 12377
15973 2744 4103
9345 1287 6095
17053 84 14253
6261 2423 16450
11303 4774 18821
10684 14815 17492
19047 3603 8565
3663 3937 2189
6204 15727 16579
9082 12543 4345
1806 723 19482
9444 17919 362
18748 9703 18573
1396 16880 12079
1141 10220 16891
16879 1115 18873
13497 14000 14240
2381 4936 11698
9600 7052 4750
6386 1506 2260
8987 18279 15001
18040 12513 13382
7495 607 870
9929 5259 19165
16184 5311 6364
18498 3680 4840
10897 3115 14802
15910 8064 5234
8023 17099 14191
12318 2382 3861
2852 13933 7783
7226 374 17228
4677 9946 5832
15068 13584 6146
14170 13723 7050
14282 14399 4169
17517 5516 17227
5110 12537 7293
11219 7784 13670
13876 13831 7068
14345 13057 12224
446 14675 19065
18210 16746 6089
10970 1824 11181
15603 12356 8654
907 478 7291
2967 5217 7969
912 8074 15466
9460 5743 6321
18570 8244 5908
13534 9055 8532
1604 825 17361
418 1944 3879
18248 10614 6618
680 5039 693
2687 3762 14533
15027 5851 5292
10096 19468 10059
9316 3325 14741
3980 1727 9726
7131 17026 7299
15765 9687 7254
16727 13172 2544
1721 11734 5184
19112 5016 23
9043 18247 1355
1298 11740 16950
1712 17623 13194
6416 14718 8716
4324 13868 4271
12588 18140 17494
13356 12945 12519
16689 8570 2077
2353 19177 2397
8824 3361 15349
6229 10215 9134
18295 10294 2936
18709 6 4991
3068 8951 16114
9163 16637 1394
18574 7367 1803
10511 10779 18587
2578 11320 4492
5358 12193 1055
10168 4206 3757
427 4274 2410
12310 14063 4109
19023 18763 13482
18241 12654 14478
7776 2287 3180
18530 1899 11059
14907 12780 3612
6855 13521 10161
13419 14050 12066
