100
3466 16299 0
13179 13957 0
12955 4621 0
12766 879 0
4384 3539 0
7894 11288 0
14175 7315 0
1749 3457 0
11448 7217 0
3992 15650 0
887 18466 0
4556 2288 0
18610 6557 0
9461 345 0
8133 5784 0
1744 11249 0
14398 2519 0
3960 9069 0
1964 6637 0
8583 18199 0
18882 3833 0
11888 6248 0
5119 1907 0
3953 12377 0
15973 2744 0
4103 9345 0
1287 6095 0
17053 84 0
14253 6261 0
2423 16450 0
11303 4774 0
18821 10684 0
14815 17492 0
19047 3603 0
8565 3663 0
3937 2189 0
6204 15727 0
16579 9082 0
12543 4345 0
1806 723 0
19482 9444 0
17919 362 0
18748 9703 0
18573 1396 0
16880 12079 0
1141 10220 0
16891 16879 0
1115 18873 0
13497 14000 0
14240 2381 0
4936 11698 0
9600 7052 0
4750 6386 0
1506 2260 0
8987 18279 0
15001 18040 0
12513 13382 0
7495 607 0
870 9929 0
5259 19165 0
16184 5311 0
6364 18498 0
3680 4840 0
10897 3115 0
14802 15910 0
8064 5234 0
8023 17099 0
14191 12318 0
2382 3861 0
2852 13933 0
7783 7226 0
374 17228 0
4677 9946 0
5832 15068 0
13584 6146 0
14170 13723 0
7050 14282 0
14399 4169 0
17517 5516 0
17227 5110 0
12537 7293 0
11219 7784 0
13670 13876 0
13831 7068 0
14345 13057 0
12224 446 0
14675 19065 0
18210 16746 0
6089 10970 0
1824 11181 0
15603 12356 0
8654 907 0
478 7291 0
2967 5217 0
7969 912 0
8074 15466 0
9460 5743 0
6321 18570 0
8244 5908 0
13534 9055 0
