80
8532 1604 0
825 17361 0
418 1944 0
3879 18248 0
10614 6618 0
680 5039 0
693 2687 0
3762 14533 0
15027 5851 0
5292 10096 0
19468 10059 0
9316 3325 0
14741 3980 0
1727 9726 0
7131 17026 0
7299 15765 0
9687 7254 0
16727 13172 0
2544 1721 0
11734 5184 0
19112 5016 0
23 9043 0
18247 1355 0
1298 11740 0
16950 1712 0
17623 13194 0
6416 14718 0
8716 4324 0
13868 4271 0
12588 18140 0
17494 13356 0
12945 12519 0
16689 8570 0
2077 2353 0
19177 2397 0
8824 3361 0
15349 6229 0
10215 9134 0
18295 10294 0
2936 18709 0
6 4991 0
3068 8951 0
16114 9163 0
16637 1394 0
18574 7367 0
1803 10511 0
10779 18587 0
2578 11320 0
4492 5358 0
12193 1055 0
10168 4206 0
3757 427 0
4274 2410 0
12310 14063 0
4109 19023 0
18763 13482 0
18241 12654 0
14478 7776 0
2287 3180 0
18530 1899 0
11059 14907 0
12780 3612 0
6855 13521 0
10161 13419 0
14050 12066 0
19705 18011 0
3787 11273 0
10245 13895 0
5120 11749 0
344 951 0
2944 18649 0
4334 11757 0
15581 15369 0
15045 9385 0
12322 6262 0
14799 2197 0
18485 6923 0
5253 2308 0
11944 5026 0
15595 19249 0
