100
1837 8796 0
15851 4718 0
2158 5770 0
2518 9716 0
15345 2554 0
12826 436 0
6055 6228 0
11565 5200 0
2981 1821 0
1317 9192 0
12172 3514 0
6142 17575 0
4118 1850 0
7009 15826 0
1976 10284 0
6837 10963 0
511 17904 0
8569 1610 0
6196 12320 0
2953 9689 0
7756 18370 0
18668 2700 0
12898 9414 0
5278 4144 0
18412 89 0
19937 1942 0
16111 11887 0
2038 19264 0
4716 669 0
9522 16113 0
4089 14315 0
1728 5684 0
13913 13621 0
9037 15333 0
18129 6418 0
2258 2473 0
17003 445 0
6054 7023 0
10940 13900 0
11939 9312 0
1535 11577 0
8626 3542 0
13703 11311 0
9775 1434 0
14097 8780 0
112 7286 0
8446 7238 0
4614 11657 0
6304 9936 0
16014 3466 0
15448 18438 0
13211 1263 0
9502 14680 0
6271 716 0
1684 19400 0
15334 17931 0
13448 19520 0
18736 1167 0
2180 4567 0
927 4571 0
19283 15124 0
15467 8573 0
4160 8011 0
10198 13766 0
2124 13091 0
14408 10306 0
1552 14077 0
1267 16888 0
8795 5611 0
19901 7756 0
10324 18278 0
7391 7097 0
6339 13750 0
11822 9799 0
15227 16972 0
13159 18852 0
19548 3229 0
12432 14734 0
3021 2258 0
12439 7918 0
7943 17070 0
12310 15786 0
8664 3576 0
18366 1624 0
9529 5216 0
1465 4012 0
2027 13968 0
4540 13985 0
10869 5121 0
18732 14459 0
9893 6974 0
15987 6549 0
6203 17709 0
16161 18906 0
18946 11060 0
6633 2651 0
15169 10247 0
13924 12971 0
7106 4990 0
19580 18218 0
