100
15390 10630 12099
10390 2442 3660
7444 3915 2810
16859 13225 2928
6140 11076 18320
11213 9359 18156
3471 16329 10642
1065 4101 1419
10070 16875 6758
4494 7087 12016
4066 4267 18487
5662 15897 19092
13584 17614 8737
120 10463 14656
16902 11972 19012
19364 18293 15051
10066 6657 10895
8563 10282 9427
13971 4545 17124
17447 9477 16132
6523 3718 9823
1449 2303 6872
17074 12523 266
9117 10913 8253
1046 4645 10115
5435 5971 14467
14022 16159 3845
480 14111 15764
11248 3898 13322
1945 987 3
16170 11530 15857
4939 5457 3682
838 7360 10437
11229 13466 4159
17635 14755 3938
8843 13832 1701
17717 18412 453
19719 817 14790
2383 1897 19599
3551 2243 16226
15064 13861 15525
15112 2147 18693
9374 8041 18466
2936 13829 7887
11091 8794 19589
7457 7411 7070
1213 17982 4285
6686 12665 7139
8071 18477 8863
17445 673 9025
6377 1481 2210
10623 4364 1226
16217 17512 13144
14852 12991 1406
689 3986 19405
6233 13052 15322
17111 8272 2217
3874 512 1008
522 18953 5599
4508 460 10987
14949 4697 125
16165 481 17500
1730 5265 16589
15378 15861 6168
4169 11627 18979
18408 8920 14585
3458 13589 8052
9605 16850 19089
11249 13604 18110
6340 1551 7524
1470 19784 19966
5095 17705 605
6622 2817 14969
15047 10591 19882
2450 10004 19206
5136 4220 10816
5181 9117 3597
2586 10791 5992
10487 11859 6062
2625 16422 2878
14429 3506 12307
13137 4604 19423
19485 12044 15286
9615 10800 10055
799 7936 16596
12861 19457 7420
13573 10581 10998
220 530 906
12936 15315 3696
756 13377 7413
13205 5526 6457
13746 6583 13792
14239 8270 2694
14005 7358 1954
3036 7546 19661
18771 3429 1754
4093 16817 13512
11466 18193 3035
4836 13532 19666
7616 16130 19826
