100
978 11697 18785
9216 13804 5647
8023 19250 14277
15504 4811 3849
9038 3479 15992
7508 11585 11277
15948 10319 14432
16059 13770 11163
13137 3587 13937
17106 14133 17027
12580 18194 13231
7942 19646 6971
11027 11734 11512
9172 10541 15844
18579 7808 4803
8084 16151 15173
3197 1044 13540
10559 16545 8539
6367 12398 7752
12745 15430 18092
19453 13357 11234
13661 15039 3444
11174 7166 11962
8985 11356 2239
13946 7628 6924
8771 6596 14806
16475 6274 1430
14107 5783 16346
3977 4746 2409
9657 17656 2823
1020 8777 14932
7140 12434 16736
9578 18663 11318
15357 10009 9491
6539 10695 8676
4443 16589 9571
10041 4950 14009
5334 9140 10812
4047 12707 7744
17092 2340 15468
11045 16395 9723
13588 2108 15593
15701 14431 13402
865 5785 17731
9086 12071 11652
11049 8154 6959
2287 4872 10820
4581 822 4020
751 1283 12438
10246 10543 12064
6831 15637 10966
6525 8055 1214
1614 9461 7483
525 17928 3975
6444 3889 9136
14479 4112 5401
16372 712 8704
4263 13125 2218
7933 6814 3368
10054 5370 19002
3987 4625 5271
9517 7374 19875
3080 18187 7826
14079 11491 3009
4137 6519 4101
9343 13995 18959
4458 2935 12652
7215 19823 14300
715 3845 18582
16465 12395 14598
18828 7802 16733
499 15716 6635
10062 15845 11086
9435 5007 9312
14605 5172 3950
4367 13923 19082
6938 15196 13020
12206 14374 17122
9311 2876 17898
9071 3164 17852
13150 13591 19184
7894 11307 19990
17800 17759 6789
8732 8849 261
17812 2280 5362
454 18921 2823
8438 15089 19622
17910 2954 5735
259 14934 16775
5176 15011 12109
19826 1871 6447
14405 3953 8116
5100 14020 4366
5955 1068 18136
1119 15954 6343
6950 14838 18551
2368 2905 11118
2708 15145 13259
5660 1637 12536
17983 5819 17411
