80
19833 9878 17084
14040 10649 15877
18321 10293 12129
3847 13573 8090
7057 6069 1570
1175 3459 16549
2859 14839 15631
10577 14199 10222
14773 11615 6898
14205 6461 12458
15498 14296 9222
2096 9652 5147
19698 5274 8380
7535 1888 6623
8222 6404 14149
2088 15916 5011
10492 9452 2652
19874 6967 2726
1672 17557 10744
10086 5150 16673
11060 1360 17699
19735 6034 5710
8670 3133 17493
27 9726 4455
19725 7176 8417
12989 4901 6497
11022 3936 17080
14866 12898 18533
13239 11003 3019
532 9328 4847
3389 2701 18043
7327 12200 7525
15062 1883 10935
14966 1273 18817
1381 7617 16056
1835 12461 18752
4556 3508 606
2937 12964 4567
7261 10901 17381
16228 12151 10083
6654 5366 9103
4223 17352 2951
18717 579 8314
10431 16627 95
6710 13300 2894
10718 17215 19
10886 2515 2861
3707 16908 646
5621 16828 4904
13191 16665 14305
19367 18240 18735
3591 15692 16276
19604 18594 17230
14960 12848 17817
9654 18136 2498
2197 16520 1377
9744 11716 13210
8655 14916 10926
18321 11609 5618
6756 11318 13334
18702 10252 9190
7413 15512 4560
11044 11930 11182
6554 7858 12906
12004 15375 12051
13202 2487 4911
14403 3585 6079
6326 11805 15794
2968 7543 6426
4113 16394 15410
11224 1211 10017
3991 4362 9270
12272 7702 12465
17974 2584 17091
17772 10221 10860
14370 7018 3936
19980 17961 5714
4898 5042 1706
9809 11216 8962
5726 18209 9077
