100
11479 15048 6459
13658 2635 8326
17616 1850 16951
17406 15323 9979
547 12468 17436
16565 5139 3231
563 17424 5267
6063 18072 19628
1349 3607 10325
4752 19378 546
18519 10715 10727
7552 14823 1858
17395 13619 6278
18502 235 5977
6585 12372 9267
663 13527 9189
3016 3974 12806
11127 9653 195
6976 2280 10665
12324 8983 1598
3270 4405 2088
18908 8086 13995
14789 2863 9748
8879 10134 8364
16973 1333 18314
5631 1063 11077
6971 633 647
7618 3642 14838
6687 6185 16280
7727 14916 16552
13980 6901 13334
1167 1635 12527
2172 15558 15813
1309 4415 14626
5705 13984 8011
7645 6829 3971
5730 7898 4948
484 968 18894
8473 1406 19863
17495 8128 12322
1213 19488 19034
601 15627 12229
10262 14273 10351
11481 18478 5643
19071 6078 3656
12457 9710 15193
2141 10813 10376
1681 1623 17479
15043 1527 18348
14763 1426 15096
4951 18710 13876
17452 11897 3267
17356 15150 11473
15783 14978 15492
11184 6871 2971
17360 4757 10447
12708 4883 8079
13830 4726 19120
17459 3989 7977
8340 998 15311
6935 19181 9246
9545 8375 13268
4244 14459 19214
16956 7946 11668
17707 6883 1265
10798 7868 2256
428 283 5455
14468 8747 19908
15940 8384 402
17629 1962 15451
15357 14127 7428
12434 12332 16903
15991 8097 10826
5402 5258 511
18147 8482 18337
13405 4923 9351
231 9320 13139
2510 1214 2210
10979 13126 13899
15218 13644 10880
885 18074 5528
7039 16851 13594
8872 2974 4630
18290 606 15951
14430 18815 15912
15027 18434 19132
162 756 811
6501 13947 17422
11509 2615 17959
2415 18892 1081
10035 19649 7375
7905 13206 1657
961 13182 366
10478 3713 5013
7515 13414 10296
11966 16724 14588
5912 15574 5491
12560 11623 12794
15414 10386 18916
14661 151 7313
