100
3127 11765 19298
18477 13282 4526
11369 6434 8137
4488 5191 13629
19426 1201 13424
6135 1978 7755
12694 9211 14090
16539 6170 10519
15392 5322 1250
16183 11351 19423
6596 11625 17207
7310 14246 10452
4460 18861 5077
4289 7032 3040
8498 11774 2153
17896 4464 3270
7937 1316 16984
8975 13131 10907
19522 14528 19495
17794 19904 13604
15068 8070 7545
13236 2349 9377
416 7005 11831
6550 15697 5023
10447 5618 1979
18498 7168 19057
15306 8988 470
11539 15101 5518
1349 15808 18984
689 14751 11378
7102 17679 2580
16376 3930 5059
12141 16589 10549
2301 17062 11018
7616 19353 12417
18844 11801 9599
14492 10480 7166
17119 3484 1558
3651 1875 9908
600 19973 17689
10607 4554 11026
1387 8623 16870
19889 15908 4639
17378 6682 3006
19646 9980 14347
12779 15949 3513
4219 9821 9349
18518 7524 3689
669 6358 6978
18828 18031 9865
9540 9986 14417
15645 1543 6615
14537 11673 8289
5703 4295 12443
19490 14809 5717
9382 9519 6045
1040 2548 17017
16221 12663 8075
14635 3868 8244
10589 941 8142
4661 15143 9886
18096 14165 5685
16055 12029 14218
13670 13244 4429
12171 8014 16006
1257 7303 1125
503 6950 10253
8000 11024 2801
12809 13460 12902
2638 4824 9693
8108 1533 18836
14239 5816 14956
16754 2520 13307
12344 11753 2605
14702 15400 15396
17714 7297 12661
9756 12908 8275
7350 19075 9774
19192 8786 7085
3371 6369 4539
13922 8604 5421
2637 19601 8498
19000 9356 14152
1230 838 10264
19023 2224 987
6587 79 15060
7549 19629 3744
12775 5389 5406
1194 19461 16878
1360 3845 674
6058 12965 5999
7126 1390 6180
3185 10934 7464
5336 15926 8117
12777 4087 3985
8741 16576 6291
13618 5222 10442
6013 9344 2464
8 4048 18842
1886 18259 1624
