100
5054 13671 6834
4119 15836 19667
9027 4672 12310
3714 14563 13710
1565 6313 15628
7452 16689 2612
401 6058 2735
10627 11372 2895
6915 17135 3596
5802 6067 11498
16406 18916 4298
3311 9821 15684
6238 4517 4631
2741 630 16665
13516 13694 12936
1300 18554 17088
7055 6252 14941
17387 5988 14414
11319 8892 15327
11947 6400 3864
2806 5420 16251
18702 4616 3155
852 13233 10235
19303 11012 85
12667 8522 19736
9674 10993 7061
8910 18349 8295
5206 7679 16335
6228 2522 5243
18922 6340 6953
16920 14325 5735
10397 2190 10559
1459 6455 15440
3726 5190 12332
15501 17363 10603
15706 18522 12435
15919 11783 14885
4636 18734 9346
4761 6496 14128
2563 8007 14117
16862 506 19338
16117 7376 7290
13112 4584 13952
9211 2834 15938
7443 16368 16377
11266 14183 1047
17661 4567 4594
1921 15984 8258
7904 9296 17139
3380 8983 14563
4647 2744 10295
16273 14626 15742
13675 1620 16697
9661 16838 146
2105 3574 9842
6491 323 5556
12302 10933 15085
8850 8102 2683
19200 11118 13033
9787 11442 8894
1393 14406 11281
5069 11367 13968
12666 14814 2812
4289 10132 3042
19971 11662 7001
5092 11494 8012
15917 2386 10636
19370 3266 14387
11715 14188 13001
8649 14568 464
6491 10983 15759
12038 8796 15348
17839 5795 1273
17389 5979 2962
14437 4071 14191
4719 5335 11616
3037 996 6991
2334 4041 14385
5108 5962 1074
10855 11744 3414
8199 6642 19159
16669 3182 4210
5785 3014 13004
9677 19654 6122
16776 10090 5398
412 15132 7706
10394 13953 7542
8641 15387 18455
10368 7779 14503
18458 13777 15812
7895 7195 18755
8162 7406 5757
524 16396 501
9098 5901 19130
17641 12260 16729
6202 7677 3800
11369 9554 8659
13041 14076 13007
12903 2621 6551
6597 18751 18720
