100
8807 19042 15354
13766 9341 10823
15791 12483 12113
11970 13497 8162
11716 6170 5227
10127 4469 13095
3134 9441 19398
5299 1914 11586
19905 3168 10337
12029 1705 3663
4660 19596 17047
10338 17319 4276
19030 9612 2893
15574 12060 19101
18851 10289 12807
12105 8057 15904
19826 7980 9595
11180 569 7975
8372 11375 3849
19768 8398 16818
2560 7509 17720
8842 17101 18119
15239 12250 18974
15561 19048 19969
7822 12641 1423
8246 6038 11061
17502 1051 11565
13094 17250 6469
2346 18905 14253
1381 11432 19368
6515 288 4206
15605 12034 1563
18199 11398 904
3257 7773 5410
14545 10256 8824
7791 9825 5782
11267 18755 5787
2770 18913 15599
11183 13832 732
14997 12805 16577
3770 4777 8981
14623 6642 16306
2258 15822 2405
10268 902 19573
8392 9301 12593
7643 11095 11603
10622 9820 14908
3239 1034 13849
10903 7632 15227
19611 5091 8995
2576 19995 16648
5685 6452 2655
4932 9035 11260
224 4302 6864
2888 3676 17438
14912 5729 11920
6044 17029 12868
14846 5087 19865
2711 14861 105
13506 1543 12489
10914 8022 4825
4444 13602 16390
8325 8865 517
10049 15144 9374
9476 19582 5784
16827 7360 7840
7213 11135 13480
8009 10248 1649
18045 15153 16885
15274 19532 18792
15232 1215 15087
4003 19161 9877
12361 5552 15554
318 45 7575
19636 191 11367
6855 14340 11826
9557 19233 17444
10058 14079 17196
4521 5600 737
13209 11976 9611
19909 18769 19671
5760 1997 11815
7754 8167 7144
9004 8668 3971
5162 16345 19730
2925 18998 2481
10588 215 4012
12009 6991 1715
9521 8337 10212
6860 2290 15540
19174 2665 14892
697 9194 18421
1219 10871 12635
11897 11373 9317
8148 7337 4353
3632 17729 5977
6814 2597 866
19613 13866 7060
12303 3195 2965
12858 16213 10737
