60
5019 0 0
14608 0 0
18248 0 0
2595 0 0
3254 0 0
12809 0 0
4047 0 0
15296 0 0
18279 0 0
9710 0 0
16562 0 0
12960 0 0
9410 0 0
7821 0 0
9090 0 0
15009 0 0
1344 0 0
17320 0 0
11491 0 0
6254 0 0
17183 0 0
17924 0 0
5211 0 0
4488 0 0
13212 0 0
10330 0 0
12867 0 0
4888 0 0
16633 0 0
7979 0 0
4944 0 0
11397 0 0
4852 0 0
10785 0 0
19152 0 0
755 0 0
1417 0 0
19481 0 0
14989 0 0
17901 0 0
15476 0 0
847 0 0
15290 0 0
16434 0 0
6585 0 0
12687 0 0
8064 0 0
14448 0 0
5346 0 0
2085 0 0
10464 0 0
4077 0 0
4095 0 0
13706 0 0
2671 0 0
18913 0 0
5791 0 0
16682 0 0
11049 0 0
17164 0 0
