60
17320 0 0
8737 0 0
12672 0 0
3925 0 0
13396 0 0
4427 0 0
2864 0 0
15956 0 0
8452 0 0
13607 0 0
12793 0 0
4520 0 0
3644 0 0
5089 0 0
18708 0 0
8233 0 0
963 0 0
8182 0 0
19175 0 0
13222 0 0
6496 0 0
263 0 0
19835 0 0
17058 0 0
8405 0 0
10111 0 0
5249 0 0
7761 0 0
9474 0 0
4770 0 0
3044 0 0
9261 0 0
16901 0 0
5586 0 0
16896 0 0
19309 0 0
19897 0 0
7239 0 0
17520 0 0
4195 0 0
18906 0 0
10652 0 0
4348 0 0
19586 0 0
17678 0 0
17307 0 0
7792 0 0
13314 0 0
19512 0 0
11295 0 0
8153 0 0
19664 0 0
10387 0 0
12675 0 0
17705 0 0
14153 0 0
13496 0 0
2901 0 0
13776 0 0
12414 0 0
