100
18906 10652 4348
19586 17678 17307
7792 13314 19512
11295 8153 19664
10387 12675 17705
14153 13496 2901
13776 12414 9840
13546 5818 7207
17051 17524 12147
19442 13384 18334
13839 13798 12619
5722 11989 8800
19172 3686 19389
7143 6633 16051
12966 11757 3335
5928 7712 7866
14274 19397 7632
10117 4690 14179
4577 1650 16766
4354 1469 3773
17489 19034 2825
15931 1400 15321
5914 12108 8033
10479 11253 13865
17717 15983 11770
1180 1171 12060
2979 6683 12930
15925 7973 16406
8249 19630 10595
19418 19045 2183
2524 12442 6375
4715 16914 16878
8787 14832 8204
4862 2220 1104
881 15004 9728
9635 17703 3714
18819 5600 7744
7255 4432 18336
12101 11756 19693
16794 2183 1400
2063 8390 6501
1491 11385 2847
4330 5129 13080
14499 15976 11213
14994 13791 2822
252 10368 7470
1613 6826 8739
11350 12424 3572
6853 420 17338
2407 17507 8391
9364 8009 57
6099 6477 14068
8260 4905 5975
17779 13982 16652
17963 9973 16816
2483 14512 9952
12381 17859 7557
2205 8535 9800
19964 4156 4214
7560 11501 4594
9349 11189 11683
10439 2140 4288
4588 1530 16657
5179 729 1609
12803 7715 4409
1935 1681 15095
3701 1228 10673
5883 3578 8297
10388 19910 2885
9619 7574 6398
15905 13530 10065
2238 4358 19556
1038 17818 14754
12494 11855 6821
18272 4125 19188
14039 17398 11279
4319 18045 9407
4991 15073 1592
15329 19982 19407
7565 19424 14509
14035 17914 19313
15348 10787 14458
11486 13226 7547
535 4484 15067
2161 1283 7861
11204 8509 956
15222 15741 17678
16015 10115 15948
12202 9101 10804
13965 12950 19478
2276 9325 19153
14557 13092 15887
18044 6280 10034
4535 8436 6168
19711 11980 4171
2272 5490 9052
477 14245 10550
9667 13305 14636
3328 5422 3344
8478 12118 1026
