50
10673 5883 3578
8297 10388 19910
2885 9619 7574
6398 15905 13530
10065 2238 4358
19556 1038 17818
14754 12494 11855
6821 18272 4125
19188 14039 17398
11279 4319 18045
9407 4991 15073
1592 15329 19982
19407 7565 19424
14509 14035 17914
19313 15348 10787
14458 11486 13226
7547 535 4484
15067 2161 1283
7861 11204 8509
956 15222 15741
17678 16015 10115
15948 12202 9101
10804 13965 12950
19478 2276 9325
19153 14557 13092
15887 18044 6280
10034 4535 8436
6168 19711 11980
4171 2272 5490
9052 477 14245
10550 9667 13305
14636 3328 5422
3344 8478 12118
1026 16233 12450
11553 3868 10582
478 205 9240
426 17788 8966
14034 5209 2249
2744 13561 19612
11507 15133 14887
19767 5717 9855
7837 12722 11985
2671 18902 1318
6939 723 12958
10264 2942 508
13957 14470 18749
2222 4009 14144
18247 10965 15133
2318 17826 19366
4401 9980 17227
