700 3500 4
504 459 593828108
119 525 290966498
310 486 542575636
270 110 194560535
493 406 337832800
662 537 685362046
376 47 104419068
307 406 157441282
34 233 36531403
423 96 530570156
519 216 397113177
577 163 812921775
126 584 796006569
123 270 682662663
681 391 721274589
607 305 408287962
160 596 352551015
16 8 832649735
593 192 648087671
84 427 57005219
438 83 45524787
53 644 463957062
307 270 200193050
555 512 252993254
137 244 465386775
552 359 276720536
474 506 539145232
217 432 940169983
664 206 743265721
169 69 574670470
357 470 647248095
618 687 16621860
479 541 786333318
164 376 221322791
613 98 708164675
568 232 184832395
652 423 845214173
445 410 632986579
686 483 891620397
110 414 436266234
498 453 99482019
175 545 215517354
537 21 789595529
51 55 792575441
201 260 224223705
489 400 65860984
53 216 927444721
432 551 741668954
194 146 452229179
52 491 382169362
433 261 42496899
339 214 328515268
281 619 913061838
66 339 848000271
111 591 640110146
429 100 577410824
405 249 399418656
510 665 480796005
292 661 934432894
37 615 588857474
186 424 785206727
192 334 120026872
181 211 961705797
305 332 783226587
387 137 14024948
242 157 790142857
588 26 838551698
37 20 311852973
123 483 259330298
567 31 757280752
32 33 854101024
264 135 449373320
463 207 926377445
407 338 838955988
621 290 449450128
197 295 721667562
495 304 678963987
503 38 733644135
293 446 816672416
423 83 373030502
1 437 243470522
514 91 903622698
359 633 817716785
615 685 955092672
562 148 13256283
467 576 290052766
51 312 545199251
697 690 911047813
492 655 848302710
185 69 71948312
42 141 91426730
280 676 787605236
41 492 494560986
409 153 612327708
643 246 355741398
152 527 916816695
405 492 884651057
171 154 998993565
599 373 127526357
482 170 590163554
53 21 274893986
96 41 982952998
27 16 946541674
75 19 910775836
589 405 409641580
591 326 720731182
235 260 601617897
21 583 884099096
431 197 387872563
689 63 4750151
286 241 78973920
322 251 244917899
561 439 65969283
621 93 919499454
138 35 141497371
124 180 419850285
454 184 3738623
191 290 625261227
132 347 981038769
182 552 813735983
88 17 662048435
693 568 917731893
488 172 54795920
160 226 617181791
274 86 77755849
472 380 321309163
572 509 44884714
278 155 996624393
57 589 85212689
172 98 917218510
112 536 382059334
546 353 271653143
31 90 690008532
122 146 688131957
241 553 268162108
669 428 63748481
454 315 876456533
61 1 631066563
202 143 999860581
523 130 521885464
27 451 751253039
79 156 276203145
597 459 318076851
417 298 764891192
407 133 812294738
615 126 799033735
572 628 897798947
103 358 266678679
306 424 731893888
296 322 982645660
394 502 646006390
587 668 453858729
270 178 150574812
278 472 816902348
365 382 113193567
350 182 420126872
322 446 391095060
144 259 236936739
614 45 488312321
66 35 119822775
518 197 451626193
529 395 727096762
583 399 110819973
519 121 202580900
68 432 967412575
497 132 103756837
347 170 908393163
565 458 487986859
585 699 264347642
692 675 212116777
435 272 726443500
419 116 111433367
162 646 415457216
363 235 370355914
478 501 204077735
554 115 796005250
653 292 557607245
630 228 220335301
58 195 274147777
546 506 927371535
487 284 372368030
11 8 239385730
126 228 563270864
201 452 621622161
455 7 108408777
354 419 395695194
563 482 861677846
218 135 260049337
410 78 468860770
589 378 288728041
156 32 649335040
114 346 791694954
70 122 407107666
408 335 406383830
564 618 597119224
346 468 218373575
314 171 521740681
250 464 233995743
552 585 198370056
661 561 304913972
42 372 174816958
106 284 149758127
86 593 916531792
514 16 752664127
575 348 755350243
295 219 788472534
669 354 907346337
410 139 166642143
110 27 837685258
361 545 41565632
55 20 661225716
344 286 178587946
672 187 520027560
5 2 975834024
653 276 339824611
455 135 249702675
227 24 604488443
284 192 618308348
550 504 607988833
397 39 675000299
65 580 334840093
606 329 444225433
460 450 999412955
539 223 571683630
333 244 197452904
661 35 429394661
317 62 581369814
413 119 355504162
240 122 166645715
700 312 525917074
148 15 224013528
115 101 90696091
88 575 616399808
623 163 578086859
569 612 923030034
339 145 682298913
540 439 458170854
482 461 831583260
544 28 588265861
320 198 578905844
52 94 836923269
480 98 841193356
261 628 303230181
8 481 773156480
471 662 148696885
433 412 178746713
16 483 865479590
573 107 466085436
234 362 535710358
64 275 937413869
354 211 748901208
449 339 914317001
4 150 531173618
98 75 70824928
552 133 988660253
665 344 614927768
119 28 72994950
129 575 121105293
17 10 689723970
103 267 272587697
448 359 676997070
334 53 362037106
673 439 932704159
416 259 209475954
338 501 728717768
170 320 783637685
700 422 28939705
153 101 294552668
676 273 934842745
39 53 127550036
262 72 92763438
88 199 946433511
289 214 659256030
612 499 170039137
635 424 871255119
137 134 533533720
577 406 670893728
223 43 875472071
641 479 352798587
690 193 926821155
613 132 36548601
115 378 130434278
175 181 662131047
687 249 921417557
226 249 562704671
140 92 779451643
23 74 480560467
502 4 15371180
633 133 343425682
390 277 743569918
365 207 428214488
338 55 14702753
117 205 117684586
655 94 683993291
271 408 344127608
642 539 255867532
242 650 951456981
371 427 717009488
360 133 450822711
634 628 628394140
25 367 1368364
550 364 755944965
135 390 827957412
170 265 349258004
104 531 473546379
365 340 989018835
147 530 695341103
421 64 662138661
3 365 556356274
548 42 696203769
179 626 965190316
185 632 888446018
595 381 846699981
629 677 726122749
459 529 916932177
571 258 782729578
312 151 46719314
630 155 339446342
414 441 397220851
391 335 29168796
181 696 741278657
581 234 813586567
489 691 876465199
564 265 621663489
180 183 74355358
76 53 931149672
266 11 166990338
600 369 476193243
107 340 931236127
484 361 999703855
659 109 252205133
136 42 687423176
172 155 93394825
32 505 359663446
475 67 274675315
608 4 617940020
540 687 65271694
509 19 624082710
462 387 377132483
72 281 614738074
442 5 146503811
228 99 217225333
580 511 290834378
295 36 817022309
547 89 592106786
149 424 332054534
149 269 851596258
653 575 360917712
396 155 413425944
674 163 979884332
269 536 210278941
41 626 797594914
39 634 85224765
175 115 275779290
41 468 733265178
353 516 905656130
102 180 431928796
658 250 996779182
239 607 623386755
492 501 980242130
429 176 492230954
510 268 699983560
373 38 822068931
581 492 394049020
122 32 666597430
429 291 278303656
156 559 184630543
328 576 138214466
42 447 839310831
516 45 839365816
555 16 366984678
448 98 100735400
61 137 255956060
423 165 673264061
409 388 771271507
175 434 556346056
579 460 331715333
656 524 202129555
5 507 94139251
407 700 584403878
74 604 284254142
54 151 623552235
107 22 448023676
186 686 631146532
163 671 846382872
692 101 464522588
189 582 304249618
386 617 193629501
674 601 579788027
7 674 622015458
13 280 21993907
101 494 800640819
650 88 477054588
683 102 364274690
219 313 347655849
502 234 642791239
604 535 576145770
615 516 979864760
509 565 268875554
433 432 203407754
247 604 514075186
421 447 657579974
634 79 595956105
532 174 428800027
632 354 578413938
164 206 701468870
507 150 939404683
342 241 149930164
460 361 154809105
257 169 701631798
173 155 229596570
337 6 202036436
319 121 221465816
184 112 300276270
622 299 245956558
239 112 931211177
618 566 954913066
63 12 95600115
352 382 428475180
37 418 244377226
451 409 938570045
648 283 531236756
469 132 118096745
632 262 793022020
418 373 107355798
67 317 83287961
356 292 665771637
423 225 516549282
422 255 345415880
2 254 8850715
277 347 134299198
626 496 664410877
150 679 94358815
316 607 237847507
64 566 412464009
17 462 299394676
625 639 434365056
152 627 871495247
209 186 131241112
622 120 471855702
509 184 580244960
387 340 223469577
630 289 593534182
538 223 781835164
71 6 972617095
64 301 912100343
633 166 553063644
684 102 261912633
562 694 973035834
2 197 531732388
222 284 64764152
630 580 112899710
157 596 439431687
690 650 661703657
527 631 125913315
109 33 120766810
568 535 143248813
162 371 578052645
418 307 202095504
444 597 679579367
53 461 270918768
432 394 571613404
302 484 698387716
36 505 594099905
12 283 211317626
255 403 256348462
221 145 410143309
282 143 341493336
571 357 249264793
448 35 542474821
189 395 617598104
119 553 236556037
42 516 714072869
70 74 987666284
71 347 673880765
608 543 467243238
608 619 874808776
451 186 329771477
694 270 511359711
446 209 668829529
314 241 488888648
363 211 192589769
44 40 632612966
360 434 130017176
181 453 243348132
563 179 821363963
601 391 418660169
58 597 843414994
494 466 186802985
474 57 887500120
207 107 720884146
97 33 215981258
233 579 922696023
250 457 105566543
456 65 785398303
171 39 258017316
144 174 679989803
591 473 914007889
420 421 144194618
436 422 703087830
492 131 872582784
520 243 11470558
19 165 499242997
279 652 772109424
490 572 598892062
291 184 599422357
503 66 861937429
453 337 529929630
45 444 474353313
199 443 363027749
410 368 572071253
417 71 114731582
134 47 422418508
179 159 855828466
2 435 762608698
394 34 796077829
360 157 947798115
691 115 163715691
505 117 599651695
439 131 517449179
208 42 159690198
504 296 218663209
123 617 110741371
400 353 959541240
500 112 957513888
44 457 290814566
628 184 781259870
413 698 115182960
649 583 32144498
247 321 109735789
94 473 999984085
125 545 776957816
186 217 23784240
359 280 229897067
587 676 711375887
48 9 554135215
223 678 539395207
101 418 488648085
155 97 928454653
102 496 812308202
245 149 82928693
650 313 341313420
399 514 813132096
131 487 534673240
361 203 586693497
6 614 848767265
596 587 838090126
550 48 557623229
614 685 441385813
586 610 806810152
328 233 940324824
514 146 203169726
399 368 573661980
433 304 127051909
490 105 874714685
35 6 663196120
438 698 301236887
624 591 224713023
306 77 343924694
82 529 131062389
2 35 179146714
158 210 260453423
4 1 738860896
678 391 797484200
607 488 302010806
405 18 190602663
19 659 250902184
221 148 143542196
435 492 987725773
124 80 848183558
185 395 863811732
76 638 146065191
68 84 434554132
221 127 915166861
451 106 979930579
316 228 402554896
522 434 41420059
102 64 113206930
318 217 498819114
7 160 765675732
392 424 638611066
348 61 144628073
58 492 657595534
387 366 912097582
480 364 892514095
685 203 383814618
136 348 698252651
481 227 684356241
53 109 125588009
696 334 567369540
14 385 441202113
694 577 497914251
130 274 763428007
249 560 814380879
696 113 425278930
550 574 170395482
530 135 63914760
157 450 628237970
428 316 693392653
533 585 124214313
693 206 875334043
673 3 902297891
172 138 592687740
461 474 525802597
445 250 175396531
279 533 634047680
184 588 462323437
698 293 427242358
527 225 40313467
375 167 523255529
481 275 409749
247 112 570548992
36 599 839506234
699 277 182934619
238 558 98123687
287 289 265115226
283 195 25965978
176 29 168730812
227 302 271006600
436 673 924258969
665 294 128231743
364 52 850838559
205 218 234510872
270 146 349530608
679 25 161789145
627 164 727757910
53 57 949691435
666 386 817364222
487 615 488734968
134 551 181306769
93 437 312187104
548 150 833127235
537 50 43996075
401 101 617312409
65 26 588128905
652 61 145706790
193 84 67208071
431 538 999532026
195 567 963035748
629 516 211998931
524 326 168138145
432 231 249797095
87 224 357772208
157 47 130638272
669 690 479275585
633 19 403350207
195 345 311408602
365 358 619602029
413 160 430188379
662 520 264663864
364 342 898648877
199 345 193070930
500 504 239790527
428 452 386880026
462 453 217725533
154 88 503952079
290 647 956905352
256 201 333227634
391 675 411311003
475 679 252037284
2 217 889756503
85 59 662550102
231 223 746717936
395 221 477897810
280 349 766875165
391 226 919100743
232 682 680847856
265 668 973332725
433 580 403007156
228 697 380045565
200 136 627989671
339 658 545179338
595 473 946922351
356 162 405043707
64 409 419551341
219 136 601336596
608 183 174882008
535 611 401564434
112 12 459874489
198 623 455911040
688 61 431134295
487 590 560798466
645 299 75136833
521 4 138793845
454 207 227461456
558 481 327448873
504 443 663498151
521 577 228661607
51 466 892633921
320 508 805339951
149 417 910945070
91 138 773510546
46 446 446861691
36 433 847434840
411 171 133308979
34 606 786698348
209 45 81127805
12 9 69065806
342 187 202271600
618 109 379688971
296 631 351394766
327 560 445230400
558 624 436281661
41 674 731493786
698 317 329163324
692 180 709068567
465 184 224915455
258 638 744306241
113 23 173151435
129 120 80939781
533 681 601766869
683 128 333252727
342 690 356793566
144 111 954119033
114 8 807335205
671 309 299564332
133 83 880124837
393 648 285597033
341 213 188428913
509 496 877301948
139 670 304028886
371 406 645872861
637 588 653659257
110 460 27552994
635 62 301878865
484 678 194074314
501 189 442335276
117 43 224165033
481 119 464800315
378 499 390734089
231 358 610977391
447 391 593497377
33 573 829697789
156 7 326242564
506 70 879164263
38 411 674002207
393 614 679264838
163 82 609689636
5 166 110929661
379 245 520817015
553 414 778270216
599 77 86212310
569 483 444578247
397 620 440624206
691 251 135782911
667 27 878730467
25 411 348013025
94 465 285886628
321 461 34018366
497 427 175153024
496 422 138247564
51 251 115491538
474 651 754796844
442 98 151883780
524 344 761027269
353 182 181550152
690 30 357750980
494 25 777992385
400 521 253246048
80 374 258626470
223 39 929247190
413 603 816394977
26 490 315863015
151 34 48098013
632 515 643576170
416 266 381801092
282 207 947481929
277 98 919757707
479 300 274437958
515 253 21829805
437 33 671849098
540 406 638731194
466 70 679064197
10 409 508037028
527 134 761550685
477 457 173188552
219 4 646200993
613 182 566224933
4 233 339832384
375 134 601625335
187 120 868513127
106 224 29947107
269 68 855842070
231 125 755738959
276 176 775304505
593 600 875748185
236 375 430604732
661 45 9067973
124 389 957375454
199 341 431545951
209 567 120012537
376 98 990994407
247 543 431137897
266 160 947060953
19 5 75145415
188 82 563901297
243 44 135758384
60 372 725216052
605 672 291047844
444 155 397725875
630 336 737266558
34 534 325067663
418 534 242564296
238 158 867672032
346 380 121351304
372 215 434177470
134 196 478564759
686 6 234290821
67 334 253377542
347 165 622543648
158 697 759900716
286 240 173169134
468 417 765587655
47 205 363560681
481 446 879260962
441 215 260921004
431 548 200610117
82 18 174546842
535 173 360093234
397 143 488375090
132 54 534329483
71 253 13349419
277 332 531930546
403 395 292761620
217 67 176966782
21 1 480941104
646 607 350096059
383 190 267009013
422 212 118692722
520 623 291837426
94 50 499380228
223 516 324581319
617 221 512226515
438 629 979089411
507 359 697907449
119 416 111355119
437 282 861885863
78 681 976356766
609 315 996128575
362 215 852576623
563 406 299487594
491 205 278293117
338 65 477474299
342 699 677412795
19 560 6944713
237 339 280801420
662 364 383942860
472 661 171354802
224 293 411300333
52 272 684500460
386 35 866557169
471 559 727252577
458 62 64439203
464 150 48639807
352 51 19736586
45 22 190973780
158 693 242151549
627 379 638689821
492 247 385397169
415 80 560998008
659 470 566444619
504 494 366202565
114 655 795187665
633 409 239468419
102 257 167132858
165 410 263863418
687 548 922990264
377 7 900008111
378 623 460474551
480 183 731786630
553 270 446718644
622 157 363500587
484 558 433118918
412 530 247046747
523 96 467131091
221 671 498086598
677 446 617625488
604 516 585567864
539 545 275619852
395 617 126071621
15 434 824924974
591 655 128647941
397 447 401695972
230 434 336873700
236 32 339290950
684 345 393667866
204 149 364073550
587 194 568022590
590 579 667470041
108 7 721433341
306 98 241269413
216 545 826051284
316 407 821169158
607 639 756459402
296 96 471356830
520 267 704924101
528 442 306432405
220 193 259340411
654 418 49950684
167 557 323183870
406 595 713090040
659 692 111347445
106 394 834652548
623 488 750534008
648 549 117740563
205 288 96897144
230 446 464770591
235 375 814964146
493 117 48334162
258 46 276193098
248 206 914244523
208 404 989515359
592 447 58820177
549 395 220065281
170 78 445841705
615 656 957428877
418 406 849103246
487 409 950227785
426 394 218000034
87 11 99449539
651 145 264860830
397 232 977476324
381 281 917441492
658 161 285069129
47 579 280299468
570 653 869364460
325 199 223291489
388 257 389697783
514 77 598329349
381 32 469794901
30 323 869912218
37 296 731965708
370 292 460624845
137 230 225764144
498 350 649208690
609 469 587509184
445 686 344434778
29 519 39409915
344 386 61286809
443 455 879681276
190 359 393902224
239 323 230195010
457 672 76717618
587 415 421054334
402 345 783677451
490 561 493184161
204 58 515570896
656 129 716431282
98 178 412662988
656 57 624506419
479 107 620809916
655 69 530855532
321 48 378552826
700 473 958371130
471 361 491824418
373 613 448665912
36 356 102625344
658 12 800672509
516 455 506540876
263 126 844978114
689 699 618990632
61 35 838875406
20 414 136066129
293 110 290393829
179 436 212562073
34 20 589746727
489 485 113169320
242 93 349735377
295 548 850639764
490 376 617599398
291 598 130307626
336 17 465937374
57 370 580708747
560 485 980034561
590 279 748342624
229 407 15133510
178 112 146695931
249 203 164272286
592 325 267581082
114 253 694702922
691 441 913776774
563 255 175750574
72 225 506243570
690 261 195264098
33 201 895036774
241 411 469725477
565 72 690438112
324 1 766364193
403 344 384199272
695 265 867018138
25 536 97939717
398 58 155117751
509 268 537086554
75 237 616285913
607 381 716255371
534 368 580794148
382 475 463816962
21 426 102539073
134 671 468881295
241 682 820646328
372 498 508162358
571 683 15047670
478 630 147948949
613 138 362401455
652 270 81649755
662 119 451092554
186 470 774082809
603 613 471172192
601 381 757384988
305 275 673838077
645 156 177202533
519 242 214492791
459 423 628720969
377 8 819522957
440 394 177085039
220 2 27796236
86 229 487010794
7 53 455823792
182 421 88115426
466 119 660078265
676 378 270555693
393 117 69561172
197 8 513808496
574 201 881657134
616 585 772918726
187 416 499298316
344 339 325808654
354 141 72210775
662 175 194395043
673 689 781449141
169 250 514160453
625 192 807843195
613 19 742657224
13 297 319486918
402 365 557786684
480 258 995279938
385 567 556645834
379 268 278805012
557 554 742790112
139 49 350797297
376 522 869669931
173 154 78072462
224 97 731397019
244 134 959770109
581 147 466975807
571 160 838155563
484 37 259278177
141 400 777364748
32 498 998436442
284 33 519483159
478 6 684698110
439 459 709901935
612 455 30208839
572 19 684703084
221 296 960453282
95 72 567299117
515 197 389028636
335 39 496958066
366 405 775366184
581 226 646516714
464 149 576712603
56 25 460089835
284 203 3631659
611 18 133954756
167 435 708338596
325 497 355416362
512 77 128798048
310 603 242262006
118 38 751823721
29 478 359972714
315 473 420286814
23 164 358613649
14 93 103319429
225 580 855725975
102 565 681696258
364 680 405292049
495 73 18572794
291 551 633525832
373 426 229797963
315 34 607530563
450 92 867024061
465 399 605696223
681 212 370671860
268 265 214129565
33 12 347850933
491 612 980183773
346 656 230846192
610 9 587075872
465 237 739811882
345 349 913581330
532 54 996709367
274 497 492513793
582 425 170516737
94 695 94333994
600 214 444512576
369 139 524924046
281 351 648243597
571 307 97511804
636 125 101020285
578 564 398302991
161 178 42896484
229 11 457877945
59 30 899579650
482 311 529347822
485 578 572924927
522 232 39599900
499 523 401275400
279 665 960069552
89 75 152969250
78 289 878048922
269 274 794116278
161 119 727483387
16 149 535822171
21 247 366412725
11 687 456342699
243 86 414822137
215 247 937387388
110 32 86764804
94 672 781628303
370 447 694142966
452 109 963039028
309 36 135376538
352 181 532871133
414 517 461542370
606 117 529640006
164 37 407700579
333 40 555599773
166 115 246416639
641 591 632910841
427 54 770621127
535 282 950714802
684 247 79218044
560 294 836954846
483 395 188006763
623 115 695820724
518 32 687640991
419 166 272401235
686 437 855530407
165 336 23695504
697 597 394076358
256 406 939530195
164 160 196872170
146 390 921086241
397 481 557752820
226 60 332941068
184 330 347331479
102 592 99018870
233 431 679308256
544 173 780751571
421 121 635311659
395 470 54210637
401 136 931995023
9 347 735783213
70 21 894194407
192 66 761685219
356 128 968585949
294 5 601436482
177 157 919609688
488 266 351005144
380 337 941785950
446 331 932846174
469 149 147105416
515 348 144354218
143 162 720670703
76 511 881915401
111 158 503513027
172 45 696294704
286 282 872357623
380 443 841692646
131 8 959907187
382 161 618630672
22 10 143809374
158 19 337331931
260 84 127211918
251 448 68610867
358 367 232079724
477 268 529066371
227 207 452848534
692 397 263914245
324 202 417127102
499 485 604030101
624 271 630694762
490 128 187729617
419 48 461196568
160 133 447976992
144 558 987783858
495 33 938690099
95 90 429992197
285 293 672119051
81 582 412499843
56 465 326292149
427 127 266825605
658 458 331570060
629 135 780173611
657 110 600641074
173 395 589661015
324 68 631198321
277 420 864882605
278 662 793343473
653 620 418613815
176 407 306238487
378 235 666993581
66 42 988011797
360 273 6283396
205 659 169746018
275 229 758113743
53 109 844224068
228 537 660637339
96 340 777892473
470 190 873086073
493 628 436244914
644 214 428679379
182 368 969591397
13 572 401467403
136 687 560977520
384 118 468376594
641 165 147528099
251 423 69279607
313 349 516503923
283 244 778780036
47 346 130453682
413 76 926131953
576 417 746336843
39 257 426255226
259 334 731443206
6 646 809121076
407 581 756335555
678 359 14677069
385 74 562306557
262 244 673204685
576 110 4330045
255 690 435659931
361 521 870549244
259 479 5304354
219 86 387360391
111 4 514876663
586 58 684825562
499 159 553132555
165 57 103350807
412 2 56816202
376 389 283537256
462 674 883827065
330 623 139828314
410 127 436444542
12 334 621299380
506 141 211290136
402 227 918939794
182 331 539854624
623 202 311420367
579 369 492317114
269 243 183100784
503 152 496835626
68 281 177266227
306 255 760626341
240 272 278134441
126 51 315906025
244 484 97158339
258 289 476402974
459 48 473772707
290 419 232298239
650 11 535705822
30 198 46731174
449 269 692736910
465 89 980168540
486 536 912549446
328 212 321944672
261 326 286691383
218 442 873125931
15 5 686049422
175 15 408937211
8 351 636380493
584 196 697309055
199 647 817097908
4 35 35800174
567 16 852208143
414 226 788495788
574 170 286146467
187 614 681588491
237 37 428641305
90 552 402387562
28 25 821933319
426 151 191863645
498 118 907307012
295 143 786009868
216 274 822324598
474 418 479603393
129 367 571202250
148 522 43622923
612 29 613275809
215 17 263307456
444 602 992568217
675 186 62454508
143 142 709178332
228 472 826825581
514 19 23997070
174 151 715564331
650 1 271990748
593 554 850436652
222 209 232993266
299 219 901260705
23 564 513164114
676 345 548901644
132 399 368987778
699 545 791712872
574 400 784358219
61 140 326135739
301 57 943223990
296 329 1758890
598 338 455824840
99 294 387439249
526 509 609860022
685 132 810371717
572 463 110298750
198 86 412175916
218 521 321977206
10 419 791475856
488 165 476704695
141 459 541492748
356 290 432889055
256 52 952425237
186 526 185496167
308 89 94933306
568 287 508766238
560 116 1313612
178 502 12676181
219 39 694143214
237 350 569070461
498 391 784490355
623 594 204574805
306 586 54440923
420 213 688508103
77 290 245818266
560 609 241942157
314 458 571192251
603 295 568758854
476 234 985971617
549 484 82468579
343 220 234587426
193 48 131991712
267 384 169177506
677 523 740705013
169 141 988585392
371 14 191909843
298 405 126803569
260 644 276260239
203 71 742249398
5 381 758756445
640 434 150180017
545 627 347100011
250 325 416907808
327 216 718783011
166 98 300763449
69 322 684232167
447 674 703382602
558 137 361485423
6 157 366702583
88 347 459369438
366 330 471420641
403 170 279185647
325 26 785406699
624 434 634267395
668 457 555559012
600 631 810923135
578 21 387070570
53 118 712712107
143 114 97084934
147 585 55019603
406 217 12633557
50 104 997655802
656 333 609019075
202 484 17991559
165 544 344595203
666 41 987038763
175 467 932612166
401 7 700131121
588 537 16955023
442 254 386724879
53 143 544226062
579 664 488926253
509 72 198054019
235 144 679570375
62 584 814946826
533 531 319955138
680 278 936646930
17 144 944296031
641 664 577913013
9 1 565278521
374 250 606807328
333 679 230390932
519 420 514456581
360 114 624786438
664 155 897459353
501 339 879447992
145 286 875664955
349 4 489029308
611 364 139406960
498 286 112770847
421 608 992338635
153 690 957935832
344 656 509753307
590 589 163026579
117 679 526276248
227 369 496686003
348 333 415568121
227 5 195194114
29 637 896021331
471 266 920812576
575 506 742408058
442 351 275363297
505 467 863798132
186 178 653687889
605 162 67242
481 198 155645882
242 449 122992569
98 89 336299541
346 97 626956666
123 693 939247071
414 240 192720222
296 243 791483134
315 627 217706877
486 641 617431444
671 372 169897370
596 381 13477314
408 37 138659058
515 535 291753893
151 364 572786473
574 12 433090917
500 5 530139911
42 13 58376182
13 131 501047091
60 493 751018664
668 160 421609717
174 109 465526962
616 248 786366608
345 90 155258252
235 611 82207968
18 680 250599461
336 142 714731917
72 340 910645487
95 383 664135060
673 17 648854076
578 399 899018231
96 52 642814483
297 154 113751271
319 182 645379017
676 518 488024107
312 37 14538328
79 624 417221599
228 165 428125357
155 3 595939355
144 245 173812863
651 159 352712603
196 438 171815523
380 212 236284652
15 697 70562001
614 57 181095235
220 404 429998276
628 682 298419276
159 602 241223228
411 374 646677374
232 614 388056118
266 345 482852255
277 31 984287580
45 430 724253547
331 85 63733818
303 597 609648499
512 575 566839154
491 326 811555668
451 273 265409108
650 459 632285204
425 415 780197050
185 170 288790755
51 215 643761641
621 452 879835351
29 368 681492892
400 427 916426304
481 151 503330673
610 537 165260822
670 317 240240015
451 152 273136669
353 559 810722408
587 141 94670793
54 45 931347004
234 368 565125015
515 616 754584253
118 619 935830390
393 258 322789733
346 50 695638716
369 342 148610052
71 95 211377976
567 137 711991513
72 16 694409248
606 582 687969940
655 20 251301794
325 290 778976238
74 54 894072465
99 120 602263248
228 221 348109289
187 565 496196528
139 570 223485085
449 645 668700599
220 660 709209633
7 3 294268072
642 171 836566370
502 89 58823797
571 451 479444665
28 273 339698368
636 670 482465790
685 95 936731688
337 233 332553928
507 22 687305571
417 313 873756560
39 261 589871806
485 279 554912756
468 365 738653443
473 139 63393992
244 94 638016078
391 64 903395689
207 63 256933379
500 242 829256975
85 580 395721202
349 72 575714239
182 69 468909691
84 48 471261977
18 53 913640058
281 62 789351737
589 678 521432807
548 201 200779264
4 526 140996216
532 233 289013118
448 471 932353802
609 309 997469395
21 620 685072807
558 421 770071549
690 393 795003506
283 405 695942778
144 231 388387924
290 499 615725278
268 159 755143463
113 90 63413959
296 322 561818881
552 434 576044312
87 70 952408482
623 271 546445505
12 441 3642257
58 245 201786946
261 450 169996544
664 571 504031311
473 11 541382711
555 94 209303567
213 22 279997272
311 199 416430160
127 49 537316517
247 25 606335226
292 371 452475046
103 538 745732507
410 71 359649753
37 484 573416646
312 156 377920494
182 30 106283091
204 172 698075490
700 199 866740675
639 425 557409927
664 107 351912363
224 166 775397739
456 370 836665665
205 698 226693607
614 108 970329917
629 145 871068612
64 161 552408380
577 674 434178174
442 320 396396466
335 197 465546530
52 20 40087644
636 406 551375044
409 533 279484960
436 321 528732837
271 443 857698367
619 91 792919079
674 322 93568942
338 200 81390796
500 55 81845289
74 658 931279293
615 507 393123308
662 328 409394393
21 531 334479312
291 355 106823960
443 161 529000735
677 129 649423239
682 228 397680814
51 214 536812576
589 469 642049229
12 280 68657674
298 379 603867397
253 393 856870311
387 534 839286923
581 145 595798974
399 331 864935110
271 46 597343315
167 127 668071402
291 127 548003418
306 575 5283551
263 420 274891522
293 6 470644210
338 263 524590940
573 157 597458015
27 476 815221357
254 407 509938358
546 499 148983784
416 173 714675974
233 220 703725094
511 582 64574724
383 214 947775843
59 144 524577992
618 521 122049864
178 61 252186858
668 59 196115825
176 534 958992258
611 605 312961191
358 220 767685412
531 493 716940210
698 543 766887360
322 153 768594268
409 570 655704411
534 417 21947789
690 290 687736079
649 643 699282202
4 29 329933036
261 307 312467178
511 383 534925717
277 665 6923916
90 15 103478017
57 34 133489331
505 210 538759564
239 389 527423112
447 72 661599652
66 671 926811725
212 155 512729491
565 417 396288508
693 238 905233567
199 680 276860848
507 330 529229327
615 268 279557834
342 497 502393401
286 362 96955261
94 683 85736213
452 278 560954694
175 426 427074334
629 144 102552975
265 167 103147836
189 216 4742651
303 60 708231982
162 131 561856433
497 352 293146195
664 20 672860212
300 7 667713068
101 67 693512261
236 589 726362600
251 350 601551752
421 676 345329827
445 263 474316748
42 616 570825886
102 456 341729827
572 326 40769920
611 687 111649747
50 471 300795126
223 157 698926931
656 658 504578205
142 67 112995678
605 512 836071656
183 3 16645178
185 299 979314776
284 568 752361981
303 239 902337425
440 428 320520935
190 438 578081361
498 269 432930918
112 674 679218831
220 275 538117303
601 427 112110230
657 157 563072900
4 385 879525142
365 149 708954404
102 65 567395941
309 89 398955516
559 433 213337011
47 60 1394605
592 162 901671530
620 600 798230085
648 148 968868987
419 529 649819295
452 696 67231274
93 436 198876866
275 678 113364693
283 213 656017560
330 345 214367959
36 7 244970292
25 327 200581706
24 3 762291679
494 437 941745766
451 689 993584958
166 417 917588956
409 610 62127669
618 695 775527349
332 528 424672356
72 375 513347343
527 437 835900327
100 86 23409545
601 243 365194478
634 258 71171516
500 397 418036940
405 683 343949514
171 327 983983132
10 110 518672401
165 217 849656183
116 67 943539794
516 657 845416378
115 370 617979850
628 83 886117400
178 595 704977241
435 168 232216973
444 206 454733406
672 459 377816909
512 348 562906310
461 4 722579756
665 516 360931382
63 78 916485724
597 698 510730082
91 651 624776712
647 2 710193040
662 451 356542386
423 566 616000515
112 601 157562321
212 36 560506943
261 339 500964118
242 542 390051981
337 600 706981465
698 33 80739761
556 241 936782160
431 599 719267295
570 420 382018389
11 189 37136139
327 206 461720259
407 437 731879488
77 326 981280641
261 108 919990277
652 185 82445927
373 381 640022757
207 603 541283871
275 647 129514618
193 329 86147467
367 422 680201711
668 602 257652184
470 107 110028411
427 526 522473214
283 264 349099198
572 194 116525546
169 476 395416169
27 207 168920236
594 526 487306154
418 84 362824023
561 173 764680498
493 191 842323574
231 560 799684487
343 478 892126965
692 687 321045997
478 373 175384251
292 89 493680625
539 159 135856499
129 98 459845856
202 652 766313738
392 185 706272325
160 333 661365318
679 438 259785649
211 357 729313404
230 64 877255740
45 235 442960252
525 320 77666690
399 493 820726008
528 115 315723890
529 209 609991367
677 414 498897763
123 52 969328739
230 667 719700594
130 341 370539398
589 546 667161593
256 529 678136197
206 187 567490069
582 396 685853713
563 161 90345212
208 174 804758221
236 224 544946737
254 33 61874519
256 596 799234557
494 55 185721849
256 611 605574094
595 91 152009690
489 358 155949729
177 615 957865593
454 493 404769186
444 473 346751311
477 105 52391548
148 14 328748239
21 547 284441917
553 482 984736912
194 339 778277513
217 661 76031821
279 190 796707174
111 661 188684449
44 416 652067959
176 603 66683822
547 316 969051578
156 590 469420403
19 138 771831942
384 45 160548365
361 282 616354831
4 479 227463089
479 135 90511744
376 646 252686918
627 540 876889604
605 21 809007295
646 450 856739468
169 586 8483500
281 216 775597969
155 27 66807460
329 266 827309194
445 516 661126587
443 540 327601413
556 229 350849181
647 584 638166502
482 682 297322360
533 572 90911531
229 117 882295281
435 42 425696256
476 568 166677620
634 178 587471704
634 582 501208844
580 419 74206374
342 302 654303522
682 285 337312402
343 463 981211746
94 694 520702876
159 173 304606324
384 476 313107453
682 483 231604937
199 272 578583380
534 352 697299436
115 664 431001377
498 13 26844093
630 588 237808019
302 278 787571913
627 59 760983459
275 403 575411161
175 45 642850988
147 540 315230595
369 531 400421817
613 125 687750765
380 494 286038586
157 681 153137485
222 560 722917664
603 36 979055770
562 1 131783925
542 291 159265819
228 543 317884988
495 270 739182668
603 460 929628401
74 418 315785569
238 366 488800646
453 689 645568525
514 628 563761930
184 96 648300025
533 160 589373380
250 177 737308099
416 356 269712977
651 576 838238748
139 155 756988562
134 366 231877351
328 268 396920141
415 674 896069864
65 47 202170949
326 147 523912073
423 574 580299249
14 6 983169842
97 309 212828119
656 196 919968942
171 419 227907840
581 622 624727972
10 8 344108441
578 660 229301195
48 472 79118078
622 648 57929815
553 146 995024902
561 332 411766590
608 190 240154041
472 416 434675905
335 350 239087914
33 390 187919688
465 622 106710168
349 88 685731556
443 609 951155151
674 142 172776782
397 362 931825502
667 409 965996626
4 384 946076504
434 240 114686861
443 182 50920244
642 251 56781790
688 92 981471028
131 573 428298981
55 627 854808196
309 276 733751309
414 473 690176469
341 64 626794726
272 55 938254975
211 106 462513907
664 257 196067822
16 294 817878176
443 143 248360159
68 640 924248765
639 643 10275024
332 302 128191243
498 483 638913237
264 661 478046087
50 21 981674673
157 671 470313807
76 35 181586925
3 158 96535378
28 680 459504439
77 658 395923278
486 74 606223052
538 27 923007108
70 26 176013182
685 146 920850801
519 249 215074624
338 330 617617232
594 468 768136181
671 414 612612698
526 527 640370386
27 356 821247632
384 602 526922671
151 265 961012399
691 549 33039650
113 245 652384365
570 159 696032647
339 165 698257629
506 167 581203994
287 494 337106359
86 5 147049151
644 567 51722376
178 284 300318721
395 12 448195526
217 48 750929875
430 393 137846251
169 269 160115988
302 482 615384179
230 448 636346306
547 149 505443826
425 225 776714453
694 598 255036789
693 347 171926675
32 437 984928911
548 679 412917427
197 469 469481111
610 665 554083532
359 377 267125193
475 124 895291780
204 553 44429742
510 564 372168278
58 111 791474647
653 203 444573186
110 650 999776317
640 339 528216934
204 91 886428849
436 158 491959899
116 443 236362654
466 416 35074126
184 665 665190890
500 650 56895343
161 691 381042193
464 455 852384348
195 141 591281793
12 449 160424086
155 189 677719921
634 578 35222539
65 50 174825585
381 207 214388352
31 365 651431112
282 611 50978934
427 51 648412185
610 181 609448379
83 6 580581215
161 456 706563724
231 210 308492066
544 486 821414345
88 17 763178922
253 83 126955910
603 395 542054097
504 422 782490642
489 164 965956403
593 87 574502436
611 6 736962965
348 198 537834608
252 205 292707129
155 51 304038445
489 299 292646018
663 637 255214937
68 13 41231963
202 187 502007984
69 57 217450112
149 78 194093223
494 474 659274525
519 528 427449729
269 129 960555381
187 520 747445053
20 687 838727513
166 215 8132583
596 213 651125937
166 68 412635897
311 449 859791753
682 557 67545977
329 570 202743615
366 308 706532423
159 492 280504207
477 687 361319239
408 672 9867042
444 514 845299974
58 538 280433766
320 267 471554100
512 209 784818188
369 218 622146768
266 587 957276504
178 85 350670748
666 266 973874079
101 269 348556571
330 53 386437526
133 364 907449158
122 661 388444619
625 434 26637149
559 575 208480057
313 494 722621510
379 308 695644642
663 140 828028839
524 354 733027226
461 245 911078206
608 468 337843133
59 134 135591038
619 197 775229828
57 87 222608972
69 541 908035440
444 297 848558911
614 15 785590185
40 90 580693053
497 604 830906639
520 261 336058419
542 387 753774207
662 137 543634875
537 363 59726534
255 166 108205807
292 195 967769277
390 466 219351650
639 88 410975646
56 610 458337253
314 252 649836027
204 161 89555381
367 162 826405930
343 671 27404401
494 406 652732553
587 63 187662371
29 167 943502823
378 10 287758721
668 258 475635630
418 670 241634798
363 181 515450630
3 2 412284298
252 126 182786027
368 232 263643408
698 533 677972371
411 336 830811231
65 517 692766668
606 116 414778266
325 356 509515819
698 211 33324982
89 47 564740097
607 226 67250266
609 591 887761684
648 130 352237411
665 691 481541208
481 89 378654148
495 583 263604171
79 213 983435312
155 432 775883291
176 535 412815736
324 277 37961691
131 128 468177503
639 246 245531901
77 76 729848481
190 461 513654533
60 600 457305005
545 151 858506084
595 528 751121669
260 211 657573790
174 384 318368169
584 523 650906479
41 14 38505716
294 573 355670637
304 144 291303089
387 625 281237034
120 30 228243816
558 366 16468065
670 642 117576000
320 632 127612330
625 582 151602382
641 59 323874675
692 232 816721816
222 313 401381129
385 573 239235524
234 233 311231963
253 110 476167892
68 230 551713781
596 437 390768904
643 192 194633783
14 163 985640701
87 190 474884999
276 133 189574662
429 353 93990979
587 596 182804430
67 46 557020639
675 77 273388271
359 419 881316856
385 311 963898878
642 257 8574128
444 289 514062518
118 451 482058463
230 146 519923853
351 313 599538540
7 319 764861206
493 74 615990618
484 32 35237222
394 672 812085570
691 59 668363832
497 282 613340395
277 621 826958822
473 413 527457993
343 36 539939422
215 686 358425410
310 369 770698653
372 222 346091155
280 124 513841181
104 339 490869499
316 241 621329690
15 691 640500548
184 140 833103609
267 257 806223964
246 382 279815394
433 305 733860411
191 303 210122788
356 278 368687782
298 637 105387784
118 697 499862112
47 41 303717085
680 261 143451488
32 249 318507457
259 602 117500297
577 650 472837169
517 208 606811921
3 638 314386898
679 512 328112548
373 218 555118730
664 464 587167633
144 698 204454306
146 62 156823069
299 599 466948398
202 326 271581531
28 283 852790082
61 512 362109136
64 32 980964765
659 457 577893057
666 118 14594198
179 263 752222505
205 99 948979077
252 80 914007660
86 479 408870309
20 583 213515298
286 128 231389513
572 234 629142558
395 337 887558950
532 474 933304521
182 113 87012155
209 539 613392512
536 513 746113524
99 312 743393536
581 17 41147680
679 156 756838855
319 68 952708877
257 72 490207527
491 394 218938328
648 536 199521978
589 588 348975854
534 137 925444078
586 124 986979475
258 215 414275229
380 79 36317188
48 470 6238805
116 94 708770223
51 13 697053010
527 268 434472056
229 491 575626372
530 286 352622853
338 182 202354991
49 47 55892162
316 545 520519079
290 259 505911701
402 637 270979567
347 596 517263145
383 300 156922674
542 465 733906396
552 614 516264261
146 57 898601162
89 464 965043462
64 574 746578503
658 545 349993245
626 335 942682297
171 520 469025440
426 547 517897733
113 15 522370046
562 430 719811373
333 348 25895393
180 12 296125660
107 219 57117049
78 424 649545989
39 502 770245528
276 57 477447273
257 265 357483296
608 225 767376470
346 527 23599424
166 76 41845513
304 194 425930602
92 308 252113747
259 319 690236194
145 656 826846070
259 588 345510979
128 82 621646501
320 631 782736730
651 647 435285721
93 161 473493438
303 49 180111763
412 365 945407389
274 424 706223356
664 542 254204297
455 217 532250377
555 243 618071499
478 29 274374456
542 660 343233194
265 506 971649349
518 478 342339550
456 142 569533714
301 292 775090453
620 534 799244162
692 399 604874092
571 347 256801374
125 49 392234559
106 633 806489088
459 532 456543888
207 676 598282918
451 680 332976169
614 128 257869848
95 485 867886442
557 99 850195659
640 233 780846559
528 149 178589219
135 551 789982236
92 561 987582549
199 39 322997258
301 264 338433902
67 542 782672809
633 55 793175376
18 10 102120174
312 224 141675195
399 134 630024968
209 381 239426466
476 57 943383479
675 372 575930954
192 460 654431843
609 452 245504790
201 592 822691223
25 18 608172779
563 248 588155551
162 306 263293609
523 202 439219631
104 176 247307618
216 209 980672981
200 669 869311409
214 331 7675563
483 253 64232209
363 342 37940973
343 643 316857946
305 249 745444111
638 408 890308496
401 372 461091971
332 237 290712005
690 262 653344560
62 168 558220536
86 26 205669205
573 249 991752238
352 577 25422315
95 186 784849925
426 399 384818708
417 660 704056236
299 91 770516445
371 411 225101217
486 162 712288721
75 575 611187159
554 407 126828542
261 119 444632095
418 98 252752800
388 619 576442079
350 291 350897396
206 55 853978591
63 167 723380565
179 525 9805589
465 524 560140925
529 504 121511322
165 484 887211753
486 177 353086531
428 432 932073966
457 676 998823357
479 279 958793390
539 8 28126178
381 455 843713269
23 5 575130214
99 93 211869866
459 139 671188053
568 446 694184363
192 189 799042938
135 295 293786885
256 441 234105877
540 203 525954412
378 74 825186087
177 342 247125630
656 691 483247353
562 385 88009260
168 504 900345913
381 280 60442935
337 320 341889457
326 231 983055412
588 380 421040434
689 691 180685664
389 316 867407428
323 32 920957781
505 344 888073980
322 645 989241582
41 401 218880258
77 311 669803262
602 224 632901046
446 350 882287842
576 93 661062223
191 145 785027294
371 130 395799120
460 318 295849423
423 350 556771105
517 366 292692135
457 69 631129327
435 378 830645814
481 540 431729977
190 66 655431402
404 20 195997951
680 550 53748661
583 430 153469328
495 376 717521379
535 362 527295385
344 453 217943344
355 656 352879550
113 203 418955099
421 418 858713760
145 65 362604503
410 496 393287479
363 114 508419572
637 668 912838571
365 318 910054123
406 424 233682299
102 134 539319260
123 285 368876581
82 622 243302663
411 629 671182171
304 208 841723434
508 503 927110177
534 183 634600969
613 367 422416513
454 282 407008736
169 354 534937784
47 22 391772336
640 589 768856421
598 139 997342920
13 107 945795265
322 518 131415033
95 221 192401222
419 17 586344757
342 629 398324092
158 445 316750094
546 679 573338328
142 57 511145745
413 465 769760874
119 257 439185853
594 369 934217098
391 616 954764849
481 518 367512509
124 267 654986640
617 363 674549881
30 667 340216710
247 29 301881851
73 263 795776903
92 10 488525496
644 173 895068466
607 473 50938053
333 107 195724596
574 572 439985601
183 386 159108680
401 622 300433462
650 26 982231613
635 265 555790165
70 262 482237201
632 512 512703547
138 125 199050030
436 112 243483173
6 3 20617506
211 700 717846328
585 403 807417975
408 427 452930657
345 92 913338992
292 605 367919465
29 26 409277096
644 575 908215175
511 115 270437892
381 186 136386678
691 611 390779755
77 48 591763586
34 449 823099557
675 221 339612599
491 395 223460382
669 179 991261245
213 44 755863161
551 229 320277309
523 250 323261539
71 149 224442590
165 349 348724495
671 26 666858898
74 40 42119708
424 244 600161600
355 152 713530770
286 55 100076769
163 607 75448493
264 661 749475349
654 550 103447526
345 199 179240883
474 80 559974541
316 255 57657091
621 565 215865889
300 612 985854602
426 29 238182862
481 384 735147960
139 313 663122997
13 5 524242077
484 212 700737864
667 129 178054048
209 12 42485459
688 430 680041404
329 631 439742919
170 632 122515028
462 23 186870417
557 58 757669829
649 327 963234512
50 75 83512046
365 359 531216979
169 59 674839907
210 56 433898701
258 186 449874359
411 494 388646195
253 439 195338153
575 362 2793760
588 544 116819923
352 692 216737899
627 466 425395684
316 650 719512144
286 150 351866116
262 485 841809083
349 142 503849002
676 586 173878583
486 104 71488395
197 13 425417001
461 657 286781224
351 251 696059614
299 296 414996113
8 5 567799600
53 586 251242071
81 11 583573367
456 612 286238217
375 491 137523637
389 15 638465063
205 490 318198066
574 631 555914159
615 37 905464489
534 63 586848385
612 650 330436175
251 319 100735493
230 180 347066219
425 69 616836237
212 681 854921610
23 485 374251458
531 115 745803684
413 78 909608425
37 113 233389203
188 179 741696583
285 457 363774485
183 188 590713617
602 418 814951363
333 235 449588222
601 670 708239224
197 279 446782433
390 587 234755866
576 282 256850060
49 576 296008337
190 96 37653512
372 685 367977158
565 335 116909365
220 212 296594004
503 641 40160015
478 34 658722497
442 334 745960684
143 515 818254204
422 354 716587613
122 681 304887921
662 568 864094298
598 102 290722160
440 401 273656545
95 78 445113665
357 494 798893171
658 141 370891761
689 278 475101856
557 89 58508220
556 456 115101609
619 358 414342067
649 653 520111173
245 243 191541889
80 229 645274388
98 115 24208163
42 444 409036021
625 14 824306864
479 682 786352508
277 178 308143288
161 367 482933498
293 119 215803351
71 151 532911786
643 692 47305493
407 370 860785122
8 242 313561304
43 31 649280380
568 531 560554776
191 632 437797730
231 406 220347802
245 91 960618370
609 311 332975331
242 364 263904448
660 305 675722648
445 644 548383929
67 470 433081024
220 26 133840072
361 196 486010766
38 15 374574308
677 243 913857170
285 695 689121610
356 368 732435774
38 373 865518959
514 508 329433312
110 283 830697950
94 612 693723615
76 545 298548296
491 16 664098637
180 169 557220131
284 281 420510888
285 543 569867355
93 29 158720011
593 427 832598931
71 25 101538847
609 261 204144176
691 332 398789104
695 567 503484936
259 159 745141403
378 125 831485085
58 636 557329856
475 46 929115947
354 410 599124405
88 631 507510502
311 601 158795235
40 513 292177385
64 527 429452789
496 365 13975603
292 345 143563315
276 693 851435422
525 224 270647778
48 515 176520037
682 245 243916399
102 412 849003607
187 371 755985437
175 449 584013654
338 233 885451833
580 576 187415559
558 307 438605501
641 414 736315312
609 214 919376321
188 79 746267047
57 35 629577794
203 278 847394272
228 291 716506141
242 94 872811029
41 18 152239912
31 17 679641097
596 489 247553406
407 179 5239116
594 279 185060948
458 114 413941754
164 174 673604624
419 122 945037087
46 268 366070503
333 87 537726910
691 109 355394609
343 95 930820272
330 607 229290889
450 685 407716174
687 620 175396611
392 244 741308308
554 617 854024723
671 376 520148791
173 690 519746436
299 523 128438920
94 23 830218182
528 623 254938870
397 449 121145215
661 621 187804139
700 253 817810391
24 254 906260099
585 394 118176834
600 334 604586205
191 460 310954836
605 541 180838455
679 214 901701784
643 367 414559468
444 601 432354953
412 45 319375074
613 467 976075771
617 233 476290489
254 69 352944596
565 138 316653132
360 338 419981032
415 56 801577429
468 107 982474108
614 433 24886777
638 67 142616104
660 66 372897618
69 119 320432102
69 386 443362810
541 378 824815154
479 228 683128430
569 119 807259391
263 349 825753761
382 229 563502137
686 644 172826958
13 217 241810287
681 141 610529044
528 540 319380482
444 252 982118417
489 528 515026604
541 141 134076258
657 250 227744753
302 510 262801422
14 368 306935789
418 47 81002418
686 654 506467654
522 70 14485620
309 415 615390758
623 647 793528045
379 61 826596359
537 511 31374733
46 539 280888068
181 44 565864485
219 639 472083144
15 14 359857203
49 425 487574566
135 90 529521056
541 424 577997749
534 384 229496726
327 264 140291131
225 46 402978549
117 326 626560749
79 40 276925512
75 472 275765674
544 453 697997653
105 568 325198917
90 585 684907264
146 134 503587388
46 29 998542724
433 362 332485586
404 460 970592987
562 2 138275658
467 165 874304483
3 380 53007878
631 5 820794435
38 506 470056370
199 37 357857749
161 671 289050022
196 337 901162149
30 405 626605818
468 4 277128204
487 624 774824482
58 47 32402015
288 556 997067455
692 227 715595185
398 82 32048711
195 576 11681548
299 96 549613860
118 230 457502982
422 596 52523913
373 350 26502085
191 107 910841794
246 156 775516251
239 386 354234234
649 38 322861276
184 393 184234472
161 117 175588246
366 289 502647639
123 67 475092340
122 553 571879508
687 297 874393803
101 248 643743201
351 145 393632830
680 346 672618559
167 680 208188408
55 498 166190579
73 149 697388615
437 514 273234403
647 492 564318386
16 293 126076306
112 696 144455625
320 420 681716788
214 15 226097625
22 508 396308660
677 532 38561920
159 1 877429480
68 330 68213693
346 446 247207883
97 84 869327411
450 105 157790692
662 424 558386625
280 221 170075538
202 211 435959019
599 121 689443574
268 195 241042958
396 180 405906177
163 123 536941063
173 186 937259126
287 196 473840968
309 541 244056545
322 52 931041285
419 470 34099996
193 421 953694068
256 58 471195022
445 490 668463363
514 528 153062055
698 261 355337507
289 616 914889720
30 4 524265546
241 190 834505708
3 314 620252221
25 346 568719015
150 91 594346721
380 238 23086470
242 413 89877101
457 71 136304134
642 593 683672289
511 593 259499608
331 143 868319785
100 66 854412797
582 527 667252480
91 74 498815365
207 685 165387774
355 15 984172781
208 318 504271374
568 580 247277049
283 357 965519914
560 314 170481712
479 28 165689766
474 287 518906042
657 659 133580276
322 575 838769881
141 494 50679347
5 375 277695112
575 306 806250877
467 453 952993910
116 641 219893545
155 61 207488872
369 123 396699351
599 213 292572053
101 450 651653797
128 126 633063195
479 62 822167641
280 175 326376387
256 648 886875278
508 567 204203393
441 287 908512411
68 89 311927765
124 95 308937452
336 184 453963314
121 5 397705203
240 194 134018491
103 62 248650339
55 310 258901973
266 395 642698970
102 322 50860542
396 316 513048637
163 306 97156021
535 327 103981475
218 383 256633449
249 20 584393530
164 478 482628737
404 430 818605467
78 38 391451362
135 213 970531498
492 506 832887470
697 230 660815655
260 692 614893898
24 606 898178375
412 392 7040286
342 227 539608782
124 574 682157771
327 75 221022956
589 449 110115638
514 178 873145357
389 493 642924398
242 192 344893856
264 439 564630994
661 649 798669300
492 457 893725486
535 88 887072906
668 400 364305567
654 488 875919550
302 659 568520380
162 354 173741812
230 673 279816034
471 43 965252143
527 333 881145074
588 187 10320359
290 640 48243204
661 512 76730963
610 630 622914085
621 623 872381330
470 270 506113645
360 647 85071399
296 254 420953186
270 367 522479686
188 349 604376206
545 107 907780798
382 224 644841711
224 396 153793241
535 346 494601457
317 434 468181762
357 1 146229437
524 394 96880763
586 300 929176084
349 422 528788856
167 73 563793508
457 180 178143222
121 444 205197009
210 390 743394978
403 682 694712063
680 257 527984369
302 510 655984164
322 517 861940612
592 193 974423462
39 12 430976657
398 1 554880522
413 187 625674687
548 292 157444792
504 135 438908945
227 613 688942389
688 183 649948931
447 172 531502843
597 75 807729522
214 425 763420597
631 651 200127904
501 289 441493896
427 463 242901354
317 106 870371347
592 370 86277767
3 319 12189744
21 596 689489963
645 382 208503805
235 195 875012412
384 263 570609803
609 604 949435110
474 154 618137242
440 142 269702548
582 204 903731558
371 584 231059722
147 42 913204468
501 306 581018458
183 368 909780043
119 615 555986020
394 217 224560206
592 257 894186806
334 143 894436669
583 666 178456851
494 377 139189415
302 414 799107722
511 559 328786031
108 181 184461565
548 376 868287305
149 18 855282107
562 335 679032771
189 83 274866745
285 216 928567233
493 112 804144227
553 587 469189350
446 268 728790187
132 414 105930088
664 421 748427710
415 280 856335464
328 221 308832564
198 397 56747431
109 69 876953036
299 623 556644824
269 420 322812187
300 366 797241989
611 236 992590904
106 14 329769421
449 243 837141542
693 335 289363353
269 683 64523265
608 97 525169079
364 545 145151350
556 167 756143320
602 140 560497179
128 573 749899766
282 584 834438874
20 14 44752090
149 400 921145392
87 331 370970112
4 109 726467386
312 565 872328232
35 336 332774412
211 147 314155612
66 279 490026996
474 23 931373692
633 321 578061483
572 402 238964622
637 343 711816409
5 166 275570811
350 174 971431106
413 471 46053330
235 134 763209467
427 162 855315880
578 368 445241547
93 395 187635150
288 134 265108205
640 69 49467662
73 580 853976110
101 98 522441341
251 92 204035299
453 339 293890811
395 453 956329250
244 242 523403833
51 507 392964592
88 175 540144464
217 109 115717099
404 317 295005721
196 77 70955790
357 282 550038693
665 66 930044933
105 130 141903081
246 183 487611205
594 419 456890495
504 556 663819267
374 499 769000746
454 447 799096051
402 300 940709788
288 646 210797825
403 231 853290208
355 13 593041139
336 435 102215722
446 119 105534696
239 191 919151882
249 409 498477517
637 496 947527057
332 620 46268521
499 91 265629560
16 133 830181110
288 17 670363607
668 682 364635335
282 79 942901625
443 158 250372618
201 13 315642333
530 15 203072124
445 399 702620293
68 51 661975394
239 144 705618815
487 278 233780592
588 591 87565883
668 3 696238655
193 682 98690840
95 535 402601734
281 117 445167266
42 559 128444033
400 6 680018035
197 335 814780877
600 578 768760297
47 643 560146303
582 205 295534769
446 593 160085599
313 321 311559176
5 336 866136733
493 619 488386063
467 325 914388175
73 232 191670324
181 65 957378086
84 35 510350420
185 423 363141220
130 6 736144191
327 369 691680510
372 416 402596904
155 500 464478432
560 140 248145763
654 337 613749454
340 291 900003419
648 309 314422954
680 571 217369767
231 297 571325905
497 371 876131224
225 425 634820052
436 334 117564648
522 67 337721108
560 164 186509780
107 540 457088955
179 106 517863067
217 670 89649404
330 461 278455705
311 542 129324923
319 571 970674908
76 480 271069456
524 91 288550098
334 60 325369054
670 672 434037500
363 501 614149292
66 391 625430332
558 568 871894847
624 237 265894321
315 328 139952553
129 151 807536963
332 115 313402422
572 166 892840517
74 176 359773798
17 266 994380873
251 598 625202100
474 627 809505714
173 439 284310857
12 313 793994174
319 73 660779696
479 248 275284986
288 289 805986912
31 101 543659805
267 635 658821092
134 57 777652756
20 322 919712821
100 461 805804636
461 233 966643051
30 477 255215388
214 169 188397783
450 516 521992676
140 288 279547801
261 321 197364392
348 69 407470521
459 329 18211715
6 28 590760000
666 450 854391179
316 452 18131122
104 74 674701992
354 345 535950527
544 387 248638294
677 125 196745616
97 34 278143318
502 111 796143022
215 67 843506609
498 571 944010065
296 220 397025192
282 113 794547273
679 417 679376883
27 675 53456934
495 93 762451921
183 52 675701457
141 24 249679930
189 471 557702169
62 36 133923465
363 676 579196395
511 36 291268934
163 70 899573698
700 641 295906117
619 581 183491529
495 462 710888585
176 569 995828737
651 358 184846834
177 336 131435053
320 252 691147680
693 528 703763082
577 261 38842398
23 586 887249524
679 35 675560755
603 144 705856659
659 471 735920274
19 337 733883964
273 118 781677044
610 24 112315790
416 379 238611841
461 305 582985102
17 362 235343668
560 287 862222714
211 117 468339513
546 601 482130753
659 125 55683932
670 493 960874093
124 692 501050017
45 672 707889650
303 286 852085437
212 189 552620462
490 241 628303068
694 641 687587972
554 21 8273522
293 411 924511343
641 115 70226007
177 65 157162318
458 9 186461179
477 175 251527102
345 215 267149443
672 111 323021312
162 71 667186651
188 392 986866175
347 181 682407258
390 279 290940881
429 249 824024022
59 346 471944365
113 425 462611561
503 471 671734084
461 324 744065981
127 201 819489566
260 313 281231697
80 9 421478590
58 447 991264948
506 229 674753755
245 234 6587649
300 669 54034614
106 174 648535660
457 237 865744818
286 432 168385848
239 131 645941356
451 420 688819091
228 70 51246399
461 255 497477306
386 344 636865230
523 574 715487659
636 330 321792440
171 85 127507024
602 648 371322049
320 307 116097433
77 419 975069236
491 410 704942082
314 371 64111829
203 168 216743870
470 67 395658987
28 613 623357694
355 98 148084097
166 295 711897210
55 49 271235731
700 391 24899097
522 55 805840845
52 555 839082798
566 27 208099664
457 580 496131298
457 583 356914603
463 149 775562989
367 416 894648257
346 338 444845040
419 700 66871279
689 585 830232865
365 299 415032460
466 24 280505090
111 462 615681950
186 402 449933767
440 42 872796974
86 388 643332842
603 260 485405071
619 126 407840609
473 411 81224971
697 138 536594613
416 128 712026029
42 457 105010493
472 245 149682769
465 398 380583222
590 240 792326579
441 617 991634252
569 430 193320744
459 72 406449286
220 260 917211598
698 634 912219543
550 435 143351088
96 401 625507490
632 429 178153750
556 212 249727062
376 361 349441117
137 232 728099621
437 494 934837217
605 588 93945831
180 139 756244147
300 352 14306853
30 514 564954727
680 687 96180877
331 122 300288664
298 173 236636914
310 204 675306073
26 280 612937818
249 182 669912180
374 517 854366593
305 658 788136036
81 73 822541138
126 486 730137659
145 284 310866461
115 66 253100490
567 377 922256514
55 593 41029369
686 484 527710195
342 4 795281937
125 191 896851953
469 323 85424845
417 617 218675205
311 479 268697994
193 428 495571370
657 382 687012368
232 135 455189567
164 206 227724075
37 509 688696905
673 521 753080499
97 240 541193667
46 518 837939211
371 631 889504871
257 211 952805014
149 148 343406728
56 369 469847614
682 197 662447146
90 339 157279415
559 215 347940130
68 252 52483034
461 146 311033004
390 110 692182193
273 494 594705957
424 9 709476131
379 329 217586898
357 674 621245619
28 442 423286363
556 2 508275009
656 112 470065583
330 620 236911532
41 336 348671563
326 96 972608899
368 484 898504201
58 29 592575303
37 295 137115312
27 141 915954403
552 443 847237339
203 698 465810378
303 144 328100264
43 672 657914043
523 553 349434712
58 672 71296437
426 193 702720304
541 535 412424664
490 50 599822837
40 1 209381451
596 526 19901842
193 9 706165093
178 306 728545578
149 572 904105073
26 1 777399822
80 233 64267083
431 547 524602276
492 632 742689890
687 38 404539002
545 462 809252270
281 395 491346759
409 337 519883006
250 2 500377219
380 426 422043543
168 62 351330264
543 139 882258714
147 73 382157508
378 438 693139039
260 489 641239399
395 61 582703207
478 569 192735669
74 401 409426241
384 136 612255687
547 194 21168450
583 9 343050307
488 534 894612367
344 550 231455521
513 489 290468963
6 304 398071723
40 393 897750665
579 400 842927955
129 632 620029169
239 411 19678354
539 291 995672680
366 525 598792069
110 689 19859677
41 171 857556800
426 626 773654212
666 205 824899481
290 392 579247742
560 652 169211336
139 485 682929113
23 237 987896089
33 252 853098730
326 314 743339909
152 96 757858646
660 88 489145137
140 328 694958803
308 474 798724546
307 333 405795029
623 179 763872488
488 412 908317911
373 107 432548145
89 462 158890102
623 619 594689366
205 335 568900971
429 5 777779471
185 107 441618685
129 387 397514489
368 190 67333134
576 22 179572773
484 150 458715237
400 148 364735018
249 441 854003276
150 304 99941306
668 317 966935814
628 20 703710856
200 14 305243868
232 564 303425250
137 308 118450497
428 44 750729395
417 255 39898248
629 565 450290765
544 53 964015380
564 159 689256293
423 295 814930104
17 43 632089646
361 626 770236972
493 151 187166779
180 441 694361594
336 644 59841135
547 282 589113508
540 597 769975506
615 273 122958782
121 284 661123502
76 353 200159284
439 97 582534662
494 581 123112331
286 528 23767061
300 8 145497588
126 240 192262702
77 58 99171487
507 167 652744538
379 203 213026771
2 1 97192986
510 42 209239711
317 190 884158545
605 409 616892025
352 438 843875414
312 674 729878463
455 71 749664318
142 218 85333527
531 663 52551975
267 108 783363959
675 520 606980976
506 11 857658578
286 470 120130928
331 642 865657821
401 666 540100983
32 2 970847278
340 472 545491340
574 452 724170087
534 190 940644014
633 392 548637358
33 13 782756966
567 37 58645949
100 185 33584925
313 208 69666431
333 329 361061854
302 642 835924194
77 553 422056389
493 25 590343639
285 428 204463444
395 648 92129871
263 22 958341861
424 678 537295334
365 650 188352417
627 621 248283626
122 342 805259756
565 102 471696573
617 418 119952829
18 169 571914481
212 104 410563533
1 665 344572539
343 639 228402709
349 606 584220109
26 604 844621839
294 140 250920139
259 273 506189398
370 360 2618897
110 80 45784549
187 84 513226315
131 560 435323656
25 396 824813392
577 553 11108687
42 624 953126505
184 377 418123485
374 267 861400846
606 349 367000786
538 23 372239872
401 589 480595231
180 16 817301713
256 404 486495351
375 13 228128100
149 370 50198108
399 123 734134082
41 604 736103462
515 49 439810771
99 4 238753562
209 478 132176592
539 558 187004149
426 283 641168451
184 451 436459144
7 575 558121293
305 294 477517981
469 509 512854154
217 221 555441157
56 145 647865240
60 2 240658765
105 33 568094244
120 199 382104551
625 397 770099543
369 615 961657349
62 226 621355349
247 262 664216203
173 281 48453751
667 108 446034005
474 612 831068370
351 170 104144783
215 508 447985367
607 67 803628680
648 386 606932553
515 643 195452277
420 210 108122877
67 1 623297186
515 18 119253182
212 629 416546771
637 42 135818127
248 560 363803292
299 354 19650964
79 273 502331259
587 22 724815250
628 166 925617832
351 253 507660439
332 407 198218649
296 441 354369678
176 378 603275613
102 634 290255584
634 70 211472508
599 182 531885970
290 474 991136621
119 42 768186051
572 639 24380684
185 138 857049763
352 136 64519864
644 606 421158387
278 447 943353346
578 35 56890790
95 384 156742686
365 295 403930967
315 293 781987653
507 371 686515098
200 585 709354096
73 56 286405261
312 656 982828669
516 449 629332449
491 490 197548356
372 132 857598877
0 704822520 153946516 294059594 755974494 350769149 209551012 14297019 957229703 825871109 390890395 992266861 78785608 505164745 139999032 471587985 291208637 216938225 982605730 425098451 895439182 173222240 232826151 121244601 252977021 396238490 746181220 943552564 984434650 227431268 213533792 761554299 796895772 959235204 900962005 873675530 749168673 426429135 796274473 128477574 797656328 109218317 620506611 860160108 96884485 855909438 532012291 921316592 641906226 667431976 29124392 303824941 61327179 365662151 849389071 438891244 450810300 901016847 524354903 819839349 916133660 983166713 897138967 770399592 468406350 121776769 309922121 991552772 573186332 136059638 84651625 902065992 188771690 93272031 879394637 267169242 21539564 651468756 609174913 949282324 299743846 496829723 770942966 531134708 973572847 954588105 62869726 825913358 955804771 372968494 925935515 46166211 859628798 628838480 321540335 979283531 321982079 7506144 321629376 114312595 502302139 889183459 61586391 304145586 540522575 623902553 325761519 748312536 564009320 975985382 625068210 300561928 948320682 469682571 888285102 90124820 788425886 631803911 685861108 734723777 780494850 920674678 382818823 607660133 822743294 413451227 523120363 0 608958566 299489552 115322557 826978444 706630091 815466719 721946433 523767790 591466804 967798037 546226845 289542933 381259470 279830221 12109073 975785552 535667515 195023384 796003045 8041369 104370529 529651471 461296319 827474506 498494957 744354987 638568316 688710182 254605251 795520634 221402779 987512608 909782250 729332379 796956533 454248518 13209762 424962140 739912765 925132566 136177894 253442772 956079581 405193809 987098441 8642162 237204473 190987388 760906096 382179134 334605361 61428832 655666064 577920775 121130179 878091583 96529534 349585514 706750864 891873843 892856279 722111323 184146168 690349111 10523494 959700338 40402013 457681710 395700271 497211112 573239344 927466508 417028678 104332720 89102495 278839548 52491345 935301430 984053626 195347305 124155147 890322636 933310786 729940708 784194855 664924475 220187617 688994979 440286539 520866841 61771062 287395759 734385507 298541611 541396892 687011106 658095004 433763435 704613902 474638306 686523473 566449354 124352285 967879979 201444888 321006412 43147650 428006260 113691028 518071496 440399042 207190502 765602912 128361272 901050491 979424843 832764652 960856564 554052311 81880520 325390165 681522403 65545792 856573109 399250196 34332793 954108256 567022671 681317729 615230765 379090428 868934150 780190279 282863245 62517239 948756328 409038699 746296628 899980774 898796958 636901426 142962283 452141406 376474089 82468136 491625094 865251159 970024762 810939671 723124627 703835348 156218119 391957549 175514433 998022807 674164560 320901816 581093875 914697533 518863718 884809284 471620521 828292067 724270238 231612854 383213875 33681799 589129926 96445877 750736154 668909291 224844054 107415289 926857516 354079914 522295460 89419377 117366634 446707855 819245004 137204258 690022495 481447920 368932843 87570743 368333037 173245662 646820794 876257284 151717303 180172132 266104592 63119890 109686409 219240831 36716926 989100927 190808229 675994075 875274117 517436645 428934418 906593786 734876222 847523664 714225004 591688992 14978456 617716683 512425141 593602940 131200880 185584172 516793713 253214106 632962558 680125550 254709565 231039643 420635476 595485060 685660675 752829830 164476729 979226570 836952346 184379183 811861052 882260098 802530174 231806454 180730269 860676834 255293056 529043590 100729101 536746751 485395409 966858935 221506145 149489397 513884147 808254871 354989806 701988094 458061024 616878611 894138585 1208863 382783834 329396973 551669484 605088944 5314523 64307926 658955984 756468157 151979336 357440129 548387938 444446614 131400173 363263276 742286646 651622942 213636640 649345545 577374845 263492417 359891148 869951086 692096994 193360649 579144878 636390652 449966737 699037100 107128315 162488135 679372393 702175037 62703463 348860628 435862994 849836957 160752318 179908888 208565976 996245684 107474037 622347276 362189645 527697452 88017192 490911233 320271992 802371540 556380010 371302875 405488913 147642381 192448763 527534555 162840616 323282580 923933420 793899070 575931012 774758585 654143250 337650505 260147612 844783983 586456257 149474211 727945133 363144875 457639002 784052680 719188824 32284817 997864978 890712065 737941397 205867407 769807088 810422823 153065390 935381621 393468393 517136322 800628670 983221809 857419644 782689888 701117390 798970065 961642457 456330662 672771030 925600659 211181330 973796237 637405600 787252896 187682344 378075195 858751815 699993414 529035795 12662201 535320740 457911710 726613522 44004572 248554174 454054783 130214364 581712988 133219358 142067638 813870360 423112240 761162145 725252462 858127573 570443455 599870212 446292854 43756988 42258074 91588493 169509620 471313948 120857468 461996425 217699880 616679359 674274596 326613977 488393545 237079817 181741972 738945177 408607043 998843348 864088275 246174816 532199358 202474624 864775794 895799771 522347520 7136707 335204972 818768094 396172925 612741742 12898831 6386262 392589075 478638474 255299257 775099069 853970882 106412518 346480432 538212624 247917413 860979505 287617838 925969522 748468602 862479270 668684205 646729372 61950936 130773191 646128386 638434478 575497508 869193831 541458496 702539391 110563486 67720485 573682220 894732846 411360110 857129042 143149495 447714817 284417195 341881160 903321393 325435848 965606327 147994106 3456964 681751727 303511304 706194737 596841471 675789888 973665390 404298664 788476712 313922585 638168061 204569477 20389365 740547854 516764435 659037611 322225427 714028939 185300504 748647619 854984917 113128680 716964060 113392912 972716755 186339191 505425148 234475537 432460979 846399526 144813462 298237341 632116610 167792262 106008561 779189495 891850716 144505376 875839221 342547731 982618583 277479869 449153611 267124035 213896056 815134076 623162193 990609641 791026313 803688331 617050938 724608472 991475956 387075290 725104222 456163628 178111369 742893765 900578808 551584316 96707983 914232828 929849136 482777452 90871352 88538190 849682891 875118974 813476389 585949672 945218165 465546228 909657592 85756260 19106651 317480125 128063990 59324831 762303915 348772385 960468234 50993944 965232682 916924918 59537764 947618683 391884381 183108060 368515912 942764773 411746739 88566721 892976042 93067448 777684589 449104604 73943054 113824564 12878571 483000842 511697860 552816594 474462061 153464941 788427902 396118697 220911684 754548674 607030413 337198794 720328788 594886314 914126478 173480705 503616745 469516845 593765091 314128784 800227656 677339524 539620758 422921569 112654151 222802665 467436742 434265950 634768982 554419829 3826307 599863955 175532320 581927895 305304124 634820840 766961599
0 61837237 460013155 559407400 748458341 540827155 350444527 733299656 789494710 417341231 133585681 491569536 8889640 759804961 429502386 649120679 520152831 138723481 779828619 554472656 145046245 499904051 953034709 997113625 384417582 888025882 283265598 862175821 50788101 917178554 557517382 828866882 950815193 861133752 305783296 529731035 317618896 762747712 876341892 952320823 616431922 125026298 135831872 806301746 709944340 330662542 469392849 787832363 966859168 67693097 470139743 183816011 340778078 384609988 669692116 1820687 930213517 874186043 696273651 295146796 895609527 166199162 574514028 216109807 810255029 552333761 499175069 742422405 967594597 443785748 173565686 779749625 19614396 188861037 3241661 689282433 839169021 634982959 703041455 686815726 173252247 884867743 428497082 826895132 367408830 727241927 97612007 13215567 887677365 8014061 926075899 426053256 799632915 886437718 595141720 866054302 854981014 227483518 980855780 974736483 865388746 270155170 447227959 564247876 475983888 485373422 927776894 789893000 477906456 535636045 123581985 117775616 7383016 928711947 814093759 508622549 764153220 370438240 812970876 263177563 792120490 365854325 480812874 657975551 11305206 32907135 151509838 247117292 377259514 194965434 165330724 611560239 377351262 706342293 693453787 62355647 715403015 9359059 472634343 142448499 843550535 185083335 71436906 840073147 564185737 832041784 920119047 839157389 978581934 54491839 350869190 242556471 746050267 436120264 835533253 113273257 404023357 109684300 327782489 430420709 392521564 508909239 698307562 358857809 510266038 322904798 465421840 590172696 679737537 352332225 639783628 794474528 643572083 49123672 709237362 868945651 724065479 5923902 898037514 140088763 885530218 202307183 833463801 570003350 514874158 409019740 566495123 421621753 436473020 919849403 668978074 695117466 77215840 837390483 436940798 72164133 35745637 872433533 27273183 522798144 368724380 561376687 239900813 964681574 740635485 529613297 455042162 192789249 621925740 667101791 462021396 610459818 377102862 222360610 407097835 879725253 949475282 238551246 688321349 950526483 589861741 420425913 411266810 452395377 946696882 841125670 726901250 332742066 724838700 397389204 433345123 100365276 711892357 979765115 678683451 79339834 668748944 713256929 552974787 964422328 941958097 36982448 199409400 585010078 646381935 40295297 602055000 974296800 219636690 815496510 679854462 578654178 372465231 532520905 423605867 435931086 641797323 627364046 638190739 940800173 600522761 820264715 246777742 603472490 98885376 456928565 193247638 295685748 744951594 653928798 694935028 242771551 252096529 580436330 855620458 530090210 174894974 449482010 447767395 922588990 108114345 633739286 335597564 940058743 637384096 597179917 802425866 95744570 261628523 26311253 895881661 981929071 673973625 449637572 802610108 944337980 994317300 269523423 944666122 953061618 338216449 181175291 658177023 751802519 648683198 449355469 452514125 307040648 977593382 594720821 670409470 776449564 349794674 547322843 503399795 242325881 302149201 800040762 629864762 380825060 50230998 65842942 873313193 682516406 507100750 3306175 3438814 337237763 116396486 548824247 602686269 276470388 684268123 886064614 374702016 152436218 75296833 182780800 527542033 239299259 538788027 874986798 735538160 525634577 583321560 200016115 866859033 201323720 138263614 103971254 0 92557224 740096472 158561430 548564220 907259760 675124238 385674209 345904833 947960712 323578865 582220106 602369189 574299401 965730313 310633947 689323628 462314750 512445465 644158614 302822152 838622473 269825523 563986574 284156219 122811002 344563851 356550826 602158115 825333712 653539500 933395376 180567620 220083584 530444842 664845749 540081527 25313135 505452047 54228623 953434515 963130435 165527510 159688560 841473624 874530546 784216984 374585223 543113042 446147787 441675630 57695039 815662295 525586939 451774006 1254037 427041468 24807820 947611220 322650276 830646144 6133799 121343444 658142177 375289810 286766249 299574025 970650481 91080500 384365790 153112622 60853209 381064470 773518217 680063098 753926564 325530417 454838506 902148130 884736166 434466165 513449335 65998238 69828561 927734229 522470594 641698370 927390764 912122899 290910323 744100104 93529878 233673864 289158553 929830545 448174639 293459085 339007065 498386376 435952649 149335346 841885227 877897055 516342564 884498236 281628347 89651846 665068741 380841168 586796447 990114182 615331312 165016048 376823437 489222340 970343923 392908936 863997628 973593235 21332276 287228934 729088776 558334049 402538068 894536690 964323906 131001539 181792134 763642468 5774307 615004705 983884932 302356789 50996619 992482410 600969557 722039113 173132169 571677323 886823168 204317797 271301027 106563627 828674797 532192729 26881030 772872169 943066524 188858012 316284908 155332548 106268244 659366472 167968487 702312542 878251726 260390912 36136559 687659436 770923306 242434294 621305277 794517786 642388695 85880227 451412232 200991144 332735884 845034084 394590537 912017850 401547040 871498514 238771236 471217236 924262901 896501424 156099982 561612231 496515941 253211830 707533753 70291627 350063939 679541122 804613011 936569495 877083873 929268017 691576533 159881383 385434856 307331523 864270779 740598948 384624135 822690974 525681071 939442602 474542383 981847330 208957589 339225152 713524719 128733016 866459671 791739396 516516504 82980530 42122456 318227759 885676028 969613889 922091071 790512308 447904475 318000549 496756316 254563708 47954642 1099995 845664117 598698793 697071005 836729995 708031304 367389532 126702725 935849396 990891757 660482746 638768512 60700710 692758201 119334730 787727389 860725453 549874998 964037620 21681519 210892157 377169231 76437478 224608334 170883222 77568744 488018689 751028434 906564222 558753082 574167836 276990731 777993108 310654129 76728181 300010468 203847415 548415398 665063508 13560029 780943676 497431603 250971246 535188653 664193735 957559210 579126186 994936414 691495214 414550666 367691829 820446239 311387491 719315170 269169289 853259046 510511513 340554478 55644214 81985750 419771455 695294983 850996828 697382624 99046040 622209246 644987636 41455155 232125053 703524931 864482005 208197452 738354730 359885424 177639915 810134217 131778035 591346160 589255069 787692495 581285197 635847184 880935946 304959918 111362245 137670357 281097227 765095384 999912280 675024425 836957442 243941616 874841926 254352321 777018097 75013910 558946936 220977949 58336120 698860225 857405354 368540407 610950689 367037415 260220880 59052835 777625345 536395443 809178601 710296769 534427326 31337268 156016979 484747057 417802425 493744272 967660241 297964373 884092241 744562287 143728292 622179361 148110702 84850434 719461963 466649704 22961033 236091120 960656360 272293464 790168399
0 964999467 440770927 62821236 293203992 207924280 699892168 261766148 713667009 416496231 460225090 513173594 64302372 714746996 253962144 817550418 213621543 71330739 313819479 351811357 567177176 639408978 860901136 552741183 107650602 665152956 670176597 288315230 505727062 110381208 498519885 256098413 9654172 930176993 653906765 723181057 775670412 144709415 828632611 520019278 98074408 851692282 400504277 42547815 372163599 515491205 154851936 935195904 440252877 60130599 388393302 696493775 130531584 148485796 675603864 761913116 213334084 10735167 164567915 493787698 770716409 36989281 109010756 705000643 331619459 81471247 938365981 641919562 235671337 131950926 645577236 861287203 955487579 476097084 605301648 997915948 522122607 923019476 555647527 789406735 32738299 418364575 709896267 168877738 787614639 231149982 209623253 962124159 415520830 322345505 72040158 359989187 483848838 774287793 160263639 602781725 271597903 549147848 222628706 178941766 211174047 554003488 444281986 969806389 272747224 621942103 870898032 208247381 543669693 582396419 816947605 522899689 268936718 893238588 143157859 748250829 799474007 406790190 259635201 511825168 811129514 548906083 339373882 397379360 737635687 964636804 57015293 370293693 213219101 778791579 971643064 958886987 989425449 108273716 903365949 377049153 372750176 791037524 985442422 203097064 914275607 61492251 179513678 260440186 639307305 28288664 551176538 374185640 326246502 184764853 523929383 168491740 485459705 822684636 364752615 281383421 564090109 795687381 44365380 302208479 427912860 451692021 273453843 991249131 598134214 532967098 814297456 321563746 611455943 485151370 776919464 403602154 364524420 788883740 288445805 250777592 994194056 277107688 547075260 334634490 39273865 646674944 17796131 356826831 82231544 508403220 403379186 181420230 370612622 833609983 91913578 118608973 750603448 882797981 19345754 424358195 103855830 502978588 347601970 25598342 58314514 208371067 949636459 353715527 718371738 915119438 481770663 196904692 761191727 542848135 416377335 617310897 460624274 905489026 145169764 499017612 278181728 842892989 171733769 412101356 758027127 797551000 146901296 359897023 696153786 283971284 855003145 511502695 362005916 410652779 776145044 978025220 542557408 613518504 432773726 320517962 939019313 41420592 911877109 240517697 623358022 819524152 439193880 682196422 513254064 914593202 814355438 796244926 502314514 302339126 825676219 133719646 902719894 309753121 180175680 434743036 720543222 354628035 117868836 944276196 756526068 931871210 304526858 82616538 369892589 295737679 739250252 99270268 316053791 684660568 627080082 615874542 994116205 437987829 735115286 493066513 192303213 767727116 331479019 391636716 785194849 581481782 174928407 365391791 577643662 3929555 657950029 80394167 378062744 37938589 965128542 883319232 179647320 562631849 371023876 562594628 549138538 769938824 905270639 381856811 592849223 651063393 307629488 801286348 811602951 805702929 516914278 737975236 888537580 467113035 289904241 683801010 542112117 969011089 530751857 627107674 928989752 286870579 742743569 363706527 523166645 129189318 668360796 755710953 829776778 810764930 772526159 607627434 211350160 167576344 812250200 324621014 272582120 0 704486996 1023380 156955746 150097550 17101146 879035824 853011104 898309463 211208078 333933050 706924181 315769171 975141706 584284151 693160626 892772130 991494485 648643879 200787237 676559655 489737832 189611168 59270214 523416160 693604505 371574180 348551199 70072603 484878960 632717355 262676771 238534282 907748769 211501939 39985395 515777831 48140003 147148661 179214482 340801504 995161614 678916019 314011230 857784215 460769036 931422888 398616743 240169800 320580259 367879089 278675951 603031556 918625443 296310037 311791486 533858649 845013371 619207324 535899725 926147997 686178702 742550619 263673942 446310675 345383608 479987543 748730327 346811586 693039916 46638437 120317452 66419279 965129849 516889691 289164404 151173202 801955457 7818425 216838898 472938385 622346416 392573664 473130302 673638658 254871849 759053207 778384839 530637037 286882194 879893584 532862305 831489485 452576342 584182803 616912661 593370835 351643532 411279183 179912729 83243563 8743583 632193739 330517726 967551349 793813641 775858324 85205917 976579200 263954367 785827084 272517706 129840832 118015382 49308745 715525718 90840023 997194742 765972088 392704136 322353839 636280424 118161099 122855798 492644041 169735173 673189197 277214869 99345160 642910502 797518647 663912767 151582895 262017863 19848 59578405 650048169 897567037 513772248 877455669 409372096 808898164 555386172 645948080 648771432 630963294 282476448 519731112 698896039 389708493 727380416 574957887 468109536 692761274 176621908 909144819 354545811 264193592 433160746 949809354 483573847 65480700 270518707 854062499 174251183 185414464 660624225 444695244 175000367 364055080 645843036 359910536 147575516 477712491 5268133 232241373 571262389 228040714 379530259 4859113 6155959 395083828 722990916 63590604 781861138 218823857 195561488 281713495 418659671 481785079 990292186 390880791 696322318 70779603 477472159 243910929 431781673 190004334 265485990 643004666 244819954 203482592 874230507 272530182 741487875 669045521 449145139 331999720 417070259 694706576 749358801 588120244 244216131 226059242 145185542 175868013 759937359 945607238 755818878 481041510 226754073 302896145 204022396 283770099 50553866 242581327 10403395 968143134 739879768 725338023 556169081 458445146 695456981 629854698 624862379 256483321 754207486 323366699 303918816 544008677 529875144 352407938 181582324 333182870 289946920 645960070 349411599 790528453 440276580 50349564 590014133 386043375 228045254 184550267 408228769 192163448 194274767 634327299 329731845 833024675 807200256 522811248 214271031 385733105 532472065 679342545 49802399 204403691 593274671 732167664 715422543 774903210 100109695 467521564 561882242 110288825 261836754 496133412 293114546 819322074 436485301 698340084 29570696 126362223 539671785 94284972 793401821 693670002 713230778 96304146 283259273 489741302 10343793 969021996 490211855 166667617 198389575 340409576 190481502 544166054 309104365 158610209 149307163 826415997 933073042 288991163 888780824 399048113 772144469 653446444 296559285 56344232 363242133 336159608 782016952 50371039 87073069 759265736 168831860 370162591 228052360 712655557 769599495 987085748 522479372 763173387 44039577 838916560 909992151 180536475 399998206 202174326 123008097 292270037 213075929 352978424 412223762 99609400 244895512 669395057 355130850 278933691 995448049 407255481 85182082 629052054 190081723 378155961 610266419 735039647 303852441 123377828 84688257 229943793 403248287 149245833 418535419 779719674 967285066 739560369 667414512 698474665 155869801 690636143 384658198 641755075 190265913 351531201
0 584018607 249688342 422024451 375828335 785391436 309152697 777072729 484492891 959855303 136357757 644299934 543322575 415241520 294352243 157469542 763246031 820527160 248707698 158537410 253303465 290116885 917888154 171840651 52145889 379482635 585617070 957767046 173320478 345276940 866836806 110299276 8394473 425563152 375583847 208174202 147628288 677701265 618007457 666681809 674224131 546402635 133636294 631009685 889316561 413298243 834877716 797647535 951850607 464106219 287032962 48627293 612396415 893819338 900236880 627315632 478214713 983469523 480163790 319641695 313974402 111217657 778158933 304598299 954285699 355443992 349390792 20623564 713599549 954891488 379619542 190586160 599208794 322107384 926527031 249829351 156558489 162538340 778723565 2313517 297870019 852153774 589445084 530884802 848063882 135547138 861026380 865159816 202235673 603608581 713692759 69787171 900915947 361769987 693246878 444628364 957805546 762136027 133267438 385217808 299804591 54813545 309580644 776914136 423620903 82858993 892955124 411324243 868966194 87595622 971757866 743322519 593245843 331694292 634528558 354468156 477288352 581894040 530028836 635060757 889501942 938623385 487439323 89829733 641927836 148347534 482193685 399554435 368310113 288929129 173650975 605120830 674837101 771836768 361355764 81253811 323262891 722944070 50344868 23924130 25235496 20181117 897059840 332703645 226539618 459886095 165784243 482919375 775508883 842373500 63651405 462117158 666840333 291604010 91417197 854549179 969917675 581930994 410110339 770268466 382799616 735524097 506947341 348007027 241829751 126877454 665609402 407932965 243631530 635454840 429695289 792484588 563055048 993534665 689189601 33680819 562759909 102656780 57803143 930937406 706566702 239164167 643558746 833807161 22474488 190103647 973959821 960564228 401369982 708000439 423312592 217275299 698758704 325383243 221851960 495877943 586633419 416313663 587601454 240808775 361535745 523947308 957735881 649252313 967026421 836924958 578528882 155316348 551722459 121280891 562152934 990493402 111167448 792694590 633470574 401546867 908520598 491316172 234572407 208561622 357166687 703797603 209051394 858331994 911894765 915338689 537530181 133563197 297430129 779217900 693611451 737379166 980584780 836836714 595308735 453989941 987319916 865438800 568622018 374824819 526298836 216967136 656807542 524076122 679674423 202374228 626588859 572941870 40940340 822396300 113807187 574055244 343757841 633978833 482769994 846016062 874846816 164580909 460977615 68956949 288124582 476046134 992126099 196579959 673674080 312593204 228917335 500754692 128583262 155701684 405108243 399259215 662253905 815419662 256475792 241655176 387763269 595480373 75032217 306155987 609305052 634216216 219948330 699761946 368616202 853712382 458943868 673393177 30615021 856855957 976063812 754504859 787385821 705132034 963848484 560804271 556564005 105630016 470164054 662613103 291871362 449605474 320189629 13953318 131589371 126437653 163568442 188715354 143110193 110728318 302091719 403288286 548769255 747446235 976866398 370255946 262705289 344378215 288250510 445447514 622949373 41868305 226208791 990032787 618548343 597781904 186160762 997951109 168395419 82505921 784471548 285084779 43289334 836700457 14396110 660268375 203356646 420434285 371774992 18362572 611117962 903887298 641287523 354606519 240737254 347755920 485986895 479852525 472960738 794846890 336132319 810898796 200286241 445628471 783695066 262893659 419167196 513463949 6808757 799310001 312074448 875094449 865403635 485561324 416050682 486432320 262680015 938642439 77926363 819487245 645895812 700742045 637897435 914900972 492221561 894539336 32471986 180261745 615436313 610966939 357940341 441159916 683904688 729937889 137894720 391773767 568446252 282105701 532810605 307329797 336988140 896794483 188496371 130161337 17979270 684376024 984114447 554779106 886459551 596010482 915313828 632015496 992519265 154935284 755110667 127069536 21851599 16266557 622471414 135612956 898505584 400100469 662852174 386600680 916915702 531305773 211215679 728461021 485188171 992404074 501755477 236996042 220136692 101505867 666876487 617978118 529982149 870959943 2250367 814484921 28495226 841289031 601120758 199015849 146909244 19495294 400973858 534710301 585638237 616574105 793367778 857161581 591173414 990580654 54801404 471489626 109020522 652374269 420334812 297642336 195448089 779467419 580220461 7562826 78409323 225905948 735444606 236216827 384744376 377227262 448700494 316538336 883541654 754562404 764118672 924770383 912247015 133098647 693559365 391541066 995091428 89212677 34529730 995885823 627905138 464174899 793809538 200836051 295950227 237394924 202669142 526765258 828635476 800376057 166710303 52960149 385165252 253010467 112278840 943852919 364868954 365335104 939068074 128141544 441666557 884770991 918580479 654683610 613014694 494694638 154246328 629350264 929577907 332840209 172698196 302535023 119858794 486626667 221281755 465842672 71216330 893075140 900129450 426209960 676804718 878823417 563518574 515025725 550543480 687946863 539788742 52455223 640620377 953316500 914570829 734654259 364881840 486160086 939229137 221450253 797800710 323415843 561491948 401640617 587516606 275749257 959182148 224586273 930355326 496308959 448719196 971605476 790523861 378382401 808891267 74123016 184453933 476209441 659877251 993549208 200660746 595150749 209483187 414899474 260186441 890074839 736068551 368590166 60680054 626026011 745410720 488522250 141687217 772351213 163999041 996894133 602681805 487106205 871282471 813793921 625843308 403040249 99470717 679732586 696357966 295556773 908217169 186452435 169447629 156659889 987891610 83957103 846542360 648085776 994987733 832255103 498591700 39146450 104764248 609531770 389574456 912435672 666328570 266039072 779048184 671063381 800681586 132381635 834251445 964754235 896804801 770946755 940992799 225085800 570436138 642505414 81321174 732211520 615701103 328557368 836482173 18283251 619463293 992946932 842620879 868545611 232141969 711344557 35516642 669010111 781275932 889574149 347697193 949149776 216936805 139799200 154741320 893497119 824602996 726656374 820358830 477691789 76047628 401056246 707106103 459001907 645303498 0 979054136 98374208 576675060 40785165 32874062 973152490 371324593 960297813 655345145 372732300 18283800 654596724 286893727 80035801 672953745 149982371 683075366 379634378 905310363 482987729 168737202 775843612 404199574 125258544 443315614 558098031 821355641 463081288 586876777 816017549 402647285 982943173 934118350 451744181 132079131 253206968 365390649 545980667 573912558 893783886 944537045 739693534 965723720 633414955 401489712 214444521 589820260 132029063 37193832 533728408 39213731 56978017 545029460 345091732 674233502 791164977 729031160 593680469 222560845 734836458 993632463 372551143 623480213
