600 3000 2
88 339 436269763
208 573 250088744
161 131 344019399
455 442 190488091
244 47 625716029
506 164 979282102
560 304 872075619
166 135 17944959
138 252 405709463
315 206 414361864
195 298 307595182
517 399 22280510
31 224 293511994
465 234 637868513
141 581 431233940
559 581 91033322
572 258 599498174
323 38 885872678
309 426 24046755
28 366 320677010
305 359 404941855
217 34 235667189
325 431 435330557
497 535 355687695
82 378 156611823
31 382 237155335
197 518 656193996
121 115 411315325
513 275 641012188
552 453 106060582
84 469 277586039
300 582 276408827
235 97 88270500
459 88 384867121
292 131 630202093
508 524 101985379
427 51 111754750
418 76 91289020
44 361 93607337
550 270 889224148
386 133 83572196
301 536 852621640
302 197 571853168
342 569 69446117
521 19 728858569
153 597 887021511
204 70 553191567
16 354 523468878
333 278 839236711
67 378 822849876
176 257 150338288
130 58 424117175
529 513 944956141
143 256 936815758
207 361 301486748
108 143 773406654
558 564 935990679
481 17 257643106
243 443 57360492
295 555 535661661
66 56 349863221
572 292 669998761
386 390 750341346
306 557 699914345
115 148 770943575
184 237 253564229
313 269 449136441
175 159 790182529
362 144 555079020
402 501 656789909
445 70 109284847
388 70 504838330
83 74 480598504
556 515 654918184
225 567 227035432
500 385 94134660
340 109 125975755
123 510 587722836
330 125 488435473
301 392 134253807
44 510 144135973
570 53 59245424
21 553 818369957
99 52 256797245
546 414 41890864
249 8 353970874
208 183 242246310
379 313 176570083
320 270 378459524
365 156 58352864
177 515 14584733
457 369 725705039
519 61 556193288
228 123 784706049
319 312 5013812
514 141 219560057
555 565 402865191
49 30 86519276
79 40 567785454
398 165 530129996
142 363 265886544
127 161 372694773
560 10 755372132
247 539 862955337
409 5 209181087
451 231 579302476
385 67 3211094
363 593 942771765
284 311 492898049
279 65 420078829
35 119 206246746
266 573 50710945
476 538 453424229
61 87 221760063
222 523 211236838
502 352 531707681
483 160 606374020
256 457 197874476
72 409 630876810
180 509 905968348
492 197 499068568
578 442 748234213
555 244 458453788
264 512 862725406
388 121 164433404
487 165 999385890
196 91 95843795
472 220 813382243
194 448 761428090
152 565 182556483
457 467 943372487
514 30 634500962
402 199 254957429
545 339 513915605
554 353 244605066
439 27 816945917
572 66 602275532
593 296 433949521
506 387 220008304
136 19 504626865
420 392 102289420
549 506 398618761
328 108 745729069
423 167 472687535
590 583 346949817
185 59 885328942
568 167 254738179
42 572 461521126
116 525 251503365
511 148 203184457
566 116 276396477
255 120 269264030
321 150 931835625
456 498 6392168
324 136 88108844
196 10 129249551
88 57 905119838
26 16 390257169
334 572 985440007
420 10 794265344
594 434 500011460
174 220 687031943
336 595 364656260
493 186 472973675
463 163 895835806
270 456 812640961
435 528 542399220
50 172 293690139
19 218 327046308
103 87 923870907
28 91 854309093
595 64 948270157
45 249 254085052
398 122 240007561
459 118 188834623
364 458 949033699
364 79 629806940
414 156 991049612
164 158 145881482
139 408 387836078
204 279 159077553
470 464 210307990
541 549 259545860
460 167 56984304
518 584 988314381
68 4 558066170
291 210 107561190
296 37 816586494
190 8 715954311
267 558 593087532
493 166 39715404
454 7 655301969
373 225 139297849
378 335 595456085
235 349 57674522
532 598 287518823
85 347 952705058
125 585 486392953
56 482 783051934
225 236 966323576
582 586 120738064
259 229 313828335
430 555 300063940
293 116 357715789
168 132 975494446
84 129 48990988
443 582 436365683
112 71 424224135
36 125 366666280
517 27 304034769
83 560 720866843
240 399 161082750
580 117 56514539
92 454 99531406
336 207 221437087
57 43 277430342
569 553 348690073
100 530 421304029
296 368 870917442
569 44 528600191
281 511 446187592
452 406 807893221
599 586 774328338
292 218 213422933
132 532 465639289
81 588 143200213
145 344 770030392
535 328 712746692
26 287 374410968
231 204 83376713
365 279 995079437
56 121 37064375
496 579 285276125
530 90 309054445
298 273 676448324
510 554 912587828
133 15 445310366
465 156 675903916
322 461 865045038
419 173 471067099
518 114 755750696
424 9 212231036
339 333 384800047
556 25 218008751
371 19 913699850
73 72 374542305
569 45 144952517
528 140 610405896
68 1 960841226
361 305 821194075
83 154 33185915
150 318 380428961
165 484 412915322
431 11 996500076
452 460 650794
124 582 35019081
496 372 97090263
105 3 517618322
516 333 92396966
253 111 759560321
354 582 33551928
200 1 122805332
68 385 567022622
546 5 23407386
579 270 537544459
7 10 475856344
260 515 809270938
186 63 216240425
567 432 194397903
264 310 138030169
181 473 560411062
388 545 124803727
322 34 946244244
411 309 253970817
457 61 734557994
564 487 370114993
282 297 532322421
312 7 254180809
124 331 542673677
395 244 429650950
411 91 970202834
320 78 210335073
441 281 604505066
492 10 367153166
273 102 697572563
77 504 547513970
413 25 478325347
408 341 789045582
253 41 893550751
315 172 846062875
465 335 572918599
598 37 558129553
300 227 728197058
387 293 879295663
380 293 899228649
144 359 284682450
204 32 729071767
216 494 784657329
152 108 672286675
131 577 666686986
521 154 577192919
389 82 106518005
371 292 876677373
418 374 303596649
346 92 659050150
412 317 521652313
106 67 561755843
354 320 69227618
337 113 754136484
107 237 742416011
428 512 502751238
562 414 176483581
385 245 637592556
501 583 813830059
477 349 763789760
239 249 643826051
227 107 628540458
371 550 483015858
97 95 667918784
28 360 190583453
317 234 131780862
385 417 607292785
172 90 362907496
39 369 988970507
532 220 346030769
485 205 181991336
296 38 772447806
41 510 908911007
282 153 823250519
473 234 136991998
330 101 874668005
398 77 325573045
472 553 978217912
248 381 277119990
195 63 606630425
96 445 159338137
243 592 754956711
198 22 161425161
311 45 498402173
119 4 448555578
250 529 372020306
31 14 788496941
304 195 863361083
218 558 127115890
407 241 62585042
167 522 560841410
481 162 870355585
176 89 190637074
391 282 780193496
72 29 183669009
441 191 435511191
350 467 685768940
440 226 992218016
302 552 607891888
484 136 243870282
174 126 19923517
463 103 807128664
157 75 556368031
512 206 451631023
194 579 543141973
102 17 426726232
397 599 867077222
285 141 974190887
596 205 59878941
180 215 141508501
388 553 583923498
499 152 366333180
100 592 951702628
185 488 517605337
84 126 319083967
488 333 779299377
180 501 885385224
572 45 928571029
291 257 202422507
429 403 86847917
340 285 912366483
265 413 461567719
442 450 431754425
78 301 531562425
496 589 425538072
177 175 962354473
80 520 839033290
578 583 742025904
280 163 475890532
508 405 709026523
453 232 469579436
517 505 683771585
457 73 242873311
514 236 609337315
156 61 358387469
85 524 807856827
437 59 162517657
30 374 940767601
446 236 564461771
32 286 339537716
142 354 608181502
159 444 301817696
61 287 130509020
333 138 655155872
199 315 447808073
300 402 201007497
231 367 622484842
594 377 525840216
147 293 904914213
548 335 731568804
197 41 259889624
75 135 466286534
140 327 985911036
234 44 577631089
562 446 851570844
462 265 917569695
380 281 308771877
383 580 756190080
232 142 218538201
254 360 835322467
211 189 244823080
66 429 884611158
237 174 24405587
9 271 247905154
525 364 653833114
112 485 249055094
312 579 91603260
61 382 26708612
470 423 191925156
125 347 210549594
273 98 828981205
267 78 12832313
580 304 958550503
229 350 96399165
184 132 179428874
440 173 783728214
584 167 634045385
589 409 626661442
82 535 453113548
565 349 186697845
16 357 824713206
364 148 932868559
194 36 702456731
488 199 583583424
239 173 754457297
13 228 773430762
130 237 721484833
15 595 753815427
258 127 228065219
508 469 228506049
463 388 864678276
27 214 627507392
537 492 538724442
13 7 379433892
205 115 328380920
21 62 352617359
230 296 429677689
435 128 680454360
58 345 725073476
582 57 456362919
87 334 416476544
461 486 301866755
10 406 116580513
542 307 119000092
177 307 2397556
306 67 367557459
66 564 532315745
324 481 690311346
429 343 339261489
161 361 881723898
153 563 220119558
425 145 610151990
216 125 588438799
352 92 905999804
184 399 451255829
412 29 716834966
553 319 645552447
117 577 119892841
362 31 27963248
597 204 247765005
140 78 13195021
388 332 273860916
504 138 190120913
202 112 525871283
559 473 756010990
92 70 26090333
515 91 792973950
590 204 628984132
195 148 125690409
334 22 577849481
187 118 68104348
141 201 82700726
494 13 747491653
434 240 545742141
77 454 699946848
536 168 111239173
225 261 964723577
340 420 505405114
203 199 174692687
155 325 459388750
326 463 370612116
270 88 520814937
596 550 542514134
144 490 753364821
320 331 934736981
481 161 146449316
366 126 35763800
591 414 688198520
67 5 28657326
561 58 694434456
164 313 753520877
445 3 256868309
373 15 327925088
380 181 221993861
207 179 898173931
226 495 55506058
286 113 863339224
218 438 119167242
567 431 815170095
479 123 859432718
549 399 841536786
340 373 283417507
401 267 692418441
271 84 538064506
120 15 607586456
6 339 322165883
178 467 276980747
88 73 60488007
591 389 908642013
56 261 271752442
210 374 389327852
434 157 542838500
118 522 402370477
218 133 300595475
223 86 277771153
453 76 147944840
333 361 911256834
558 564 162883380
506 579 285080902
343 272 986157456
248 339 310893296
104 58 851968736
92 81 301121114
60 346 506223648
99 297 627554255
44 181 154612778
137 198 806451703
521 27 496493109
176 10 88110660
62 8 943671658
93 539 889399235
170 538 177969115
497 167 604858654
80 13 640657725
296 433 618708153
268 296 429988900
238 140 247918862
64 56 631009965
452 394 245118306
199 230 41191035
111 307 120515032
455 201 96189745
136 132 469473190
455 29 604150365
415 324 803449077
444 407 196811369
343 114 932000737
497 351 300696223
110 321 809243732
219 551 328076116
567 192 558553640
12 268 695590753
147 22 501413093
517 598 103525208
502 112 342568890
5 4 751854021
274 348 814165231
253 184 53948309
318 501 263760824
267 294 465613791
197 528 578168997
600 553 646716095
183 164 983798460
219 200 188202476
331 592 652228688
487 571 266980376
258 378 500921907
411 593 279143761
481 144 972111036
346 84 754152662
126 558 618938632
330 79 653598394
301 172 223191161
59 80 49895461
588 375 879994598
293 365 151780731
64 573 465436468
566 562 37980483
489 546 462216538
142 454 783367522
451 75 50185719
423 304 539779417
252 79 871160921
61 135 466247184
458 422 796448668
143 71 381048400
180 175 151048770
544 163 646291748
197 232 196424980
298 48 800853079
462 346 215402001
548 546 912419911
409 568 870269691
362 23 596268780
90 60 792203572
86 28 928790442
405 539 418807834
268 345 775152638
137 62 728418729
549 357 982559337
333 194 356665844
58 38 847455522
316 211 793482623
45 138 241402086
224 548 116064471
322 449 716067508
189 561 231420289
96 153 379013329
539 210 353602009
534 505 950258246
410 456 335989698
41 2 190791337
116 54 119557031
592 190 126106805
289 206 627401919
41 424 480799624
163 484 914512471
178 545 494472741
37 4 337775176
241 294 732061105
165 160 849688401
102 323 320685386
166 157 437644510
447 4 498447032
288 196 919305573
524 526 268377034
352 162 583622778
571 207 630751165
311 101 615513769
600 315 768033180
8 318 4701891
189 483 697312327
448 57 936559397
498 209 661179489
421 195 15908158
385 322 600621402
227 25 917512286
53 300 390318654
393 587 522826287
7 125 445292002
438 79 832207803
388 319 936974410
3 356 462425834
361 585 983605407
231 522 215771076
294 224 809188490
541 285 98223313
17 37 981233511
324 122 153165947
399 362 485732876
225 424 519559400
241 552 311172441
379 434 528003893
6 392 173457137
228 214 79439248
489 201 28763354
135 127 994118973
129 407 683025654
96 510 800115122
185 40 440183668
248 182 467195904
384 215 594743391
315 424 109794182
259 489 716935149
109 72 270146552
219 415 420264398
121 598 832045653
542 400 969337208
13 11 982263125
492 157 30614513
528 569 849182902
386 512 507025201
449 516 802156415
421 25 847297857
319 62 333506364
390 452 473863010
455 456 442499452
388 595 607636605
452 352 137784138
88 33 391841943
92 422 789196939
549 95 503124630
105 95 79269459
329 152 133551635
98 179 243885766
568 191 75919313
39 579 287441463
512 600 831035407
320 279 427346100
317 600 561206389
398 289 82366008
576 70 754210727
212 35 255522302
136 123 972967429
4 276 337953780
28 229 653074989
236 280 592671384
233 86 556936073
473 178 453893291
373 52 756166421
279 1 239964189
26 342 81510147
502 528 613134427
354 232 921297662
305 131 739959418
101 565 156041485
566 493 986291159
521 492 379653484
454 223 230455717
118 2 662639838
327 325 402994831
382 586 813423647
76 318 225199492
31 328 817722107
581 96 909976366
195 207 387072840
398 185 416808617
523 12 185216654
492 122 521217801
49 384 52254410
139 107 824012895
269 502 129574396
126 429 274582726
317 448 80168776
583 480 951671764
467 134 470685077
203 402 247943164
507 529 891499957
385 456 753550888
412 320 505668039
370 135 182746146
168 466 777380353
176 358 877415006
486 436 722491976
45 524 480202277
550 203 167660880
551 291 436817922
550 148 533336367
7 599 590513192
494 158 454075676
312 443 274184235
217 312 308686399
196 512 399488956
103 106 451115648
535 41 561472803
253 168 601345827
431 2 209740385
388 509 581640396
77 267 718002015
242 235 992022725
318 231 972941190
52 49 474608039
395 368 519390992
570 543 132761425
336 202 787939443
88 361 947881918
581 10 50391153
473 201 189860685
341 170 17277054
132 553 738747735
159 380 236662164
379 64 455995595
247 28 607115269
296 175 710646972
252 525 653477176
51 124 73658358
10 145 329732366
137 212 456418908
555 226 242555113
188 501 330202983
229 479 5769020
300 199 588866581
216 344 240228801
415 508 196226786
492 89 243992501
297 389 332357453
60 58 833520831
369 453 909819965
180 369 142337728
211 3 956472580
469 423 123362551
297 215 890294665
384 589 671370600
254 73 608319791
170 231 176339475
524 409 444577262
364 179 407384652
73 275 952974451
85 47 4300189
412 438 176741178
232 439 39749596
499 314 660648665
525 533 458141087
496 405 861809461
428 90 867663848
160 19 934444085
436 147 530097468
271 378 159217807
166 563 146825688
427 245 368524375
582 592 881558175
375 181 215685480
57 357 773732622
351 28 983577214
426 191 215974356
356 167 788761771
290 71 863628723
594 411 287579668
151 250 227572593
14 348 573644456
496 160 434997866
76 41 624749109
222 311 48186074
151 527 246932157
447 162 545955471
341 327 2244558
8 338 386336417
582 492 827145495
3 2 10866844
10 597 542782480
144 242 348448878
68 332 184608652
562 218 745716747
216 72 209313853
302 406 84762908
251 212 435894473
459 81 522475878
320 13 596635983
578 442 632135226
78 186 320674182
258 17 342557757
92 287 295923060
143 247 258077884
242 186 902418275
30 465 80161153
200 28 914134554
581 115 558419065
439 490 443532619
93 186 276849074
514 439 673671529
252 153 272878612
184 50 197163107
192 74 113505745
536 279 141426661
594 113 863721882
524 292 225932935
247 494 760893325
456 503 187891544
560 369 430967912
426 377 563748578
25 202 535283615
229 140 697758433
332 171 922857189
552 427 718173193
89 91 539875893
220 37 920029612
327 330 578124756
567 80 123480807
562 171 87231712
323 268 297896074
468 317 481531988
69 63 695944800
390 256 220506445
190 480 970271959
299 196 820719165
581 122 620667443
208 423 587150664
30 18 69657697
419 581 443446647
238 34 369500442
391 231 550804613
461 408 289866565
394 40 864442723
385 108 247891779
40 419 793505285
179 82 778950028
149 571 367121124
585 218 447416327
224 170 608275379
239 189 672727452
104 267 239882636
153 98 87599078
282 10 285370403
220 66 711567319
552 18 859320910
306 119 335773704
398 43 614175699
459 586 496312647
138 90 161811204
126 454 168299133
25 13 606945525
334 466 603573430
308 127 287161637
480 132 673033015
293 321 793171604
523 394 255801979
578 442 233776065
456 122 221080518
338 122 940085906
240 131 323820010
289 352 83912720
392 240 722488915
535 523 55593388
433 377 704325256
246 56 387936018
30 178 878177148
387 451 214132447
540 534 744614955
176 20 981598555
244 543 687307037
103 52 84817241
449 183 854990455
107 19 957730746
337 591 527572913
304 73 755513234
369 97 311264103
357 346 33756328
338 511 883665140
426 588 287439826
503 299 631586221
586 97 659409009
583 150 97444784
107 57 716021414
134 55 249975172
196 425 821916318
12 4 208090377
329 199 920116856
32 15 136359068
149 142 10712505
544 168 172450593
579 143 654836469
307 232 846952077
206 407 844400900
69 541 132609423
250 411 422195268
334 484 952448955
297 406 386972625
262 99 195423655
201 321 366718956
16 126 81772599
85 472 146973755
126 77 873152617
188 479 98736853
9 8 667556444
127 29 298135097
55 152 849284967
241 199 632352028
165 417 936392320
233 252 909482794
193 351 10081395
390 155 930169134
549 246 791198435
455 316 252817783
491 41 680451466
10 81 349507670
126 111 997556913
534 311 852108487
329 356 174665411
160 105 32147293
469 434 675951257
126 210 654649440
323 510 368946661
209 448 496206361
372 467 238232637
110 385 797275654
111 521 324201393
400 169 234661867
420 151 879445216
9 195 272076603
268 183 500244270
56 31 742465975
498 427 54379907
502 179 79865511
179 109 475355421
509 364 802436435
532 45 560541044
46 136 365570187
170 549 142053633
402 469 73980347
397 37 203651187
479 518 697830520
3 267 430195104
370 133 750042269
404 591 530959597
22 577 790066649
144 33 155511923
10 118 905562782
399 136 745934899
292 65 807374761
383 522 382507263
443 444 36872836
364 307 208319507
337 278 419774224
273 571 358488575
380 301 649346261
115 32 19461324
167 527 827044938
332 408 339778970
578 411 890329034
436 110 60450267
440 434 57070127
322 58 148862805
24 379 392727725
56 599 819172644
273 467 690519578
307 333 246677386
256 552 934160115
48 66 385061396
409 104 67006342
279 545 328386165
154 132 640734122
55 313 673162635
64 551 85935521
70 16 223915196
567 538 661417828
333 374 38582793
133 108 681274110
365 84 65310936
341 252 937831835
352 234 952699599
4 288 23396854
550 427 685646507
235 540 917267172
353 189 483740166
126 15 765427450
168 164 894874825
147 270 432219803
187 285 556190776
233 137 48146921
442 164 98169040
384 202 698494782
183 282 48243156
503 293 757094390
379 25 681746739
36 54 77185962
27 246 176656759
258 444 87083115
331 505 374304351
137 568 372041141
16 395 291157539
138 306 300799618
272 112 584520693
36 472 617743386
469 76 623584425
510 48 112117806
263 370 366651757
6 581 362059665
81 178 87964805
320 74 268877952
268 258 106896327
470 79 459503917
397 371 579598088
240 214 27462050
496 37 378095743
181 37 616769416
432 252 244733515
315 151 855967657
374 596 357669486
512 132 8307100
151 426 184122869
178 128 686067262
581 38 267655198
577 184 478516666
15 87 644554882
567 392 415540643
215 6 6937487
538 92 714410064
79 421 737254507
85 342 379982451
50 30 106420053
192 320 107152909
11 1 288090528
421 479 913229729
226 193 8175812
412 584 662944009
528 44 25390652
223 305 47706332
117 374 8826725
121 46 837534216
356 307 853303432
371 394 821132078
377 517 984431108
258 575 681291495
425 304 991928554
87 380 52181514
342 332 537631174
460 433 899597799
307 239 728682859
130 310 498508534
91 24 865808097
88 29 92950933
172 201 28397640
275 475 634220071
210 218 758363079
463 13 974525268
52 94 545224609
336 244 33206521
78 559 279537676
251 503 750174003
541 254 478190948
570 451 211902057
440 386 711850338
332 143 463991624
524 41 306433994
330 168 149694979
590 311 7932936
564 404 518151465
180 407 902257064
267 451 360943714
86 5 967026951
27 471 111787931
266 81 985050233
522 584 868139242
503 461 47425465
202 476 28691039
152 105 836894324
577 349 279582800
375 599 776300571
113 162 337667161
113 44 154663966
560 493 103525435
184 139 189660165
487 566 920970232
556 101 826445222
344 242 159381664
52 264 370553766
378 440 455177694
115 70 460445175
120 420 246294475
51 496 498011249
508 186 593759500
61 52 866067751
375 250 853556468
485 126 678353678
432 297 841581618
201 14 271144663
485 102 252809001
225 237 860730665
100 542 543315839
510 553 968516284
585 431 431219218
120 368 917776991
473 34 490646831
163 17 277294366
26 451 896945134
162 550 958898005
504 190 361217643
254 485 842948339
9 236 485395886
385 133 927492490
529 366 332690493
431 495 747710461
125 382 251562751
261 102 358330944
590 485 419782148
158 16 849262657
486 317 566545838
378 7 145115792
337 565 103769154
525 25 776325568
214 431 675337710
137 549 157504047
52 27 81133918
345 44 397458838
554 363 274679012
557 471 627835117
509 389 18822258
177 512 359658244
134 112 637644327
235 585 513622945
33 587 643289728
60 25 330084575
145 447 968488216
27 21 792596375
149 291 630953913
305 361 682234658
3 527 53518372
431 581 372047558
303 111 410758578
224 363 922692576
337 281 345514098
98 578 309983590
398 310 531862356
200 3 367058451
29 517 424239805
13 287 403272754
402 182 688390197
454 129 940720444
84 508 713576723
486 293 303401172
437 298 604008354
12 378 142683707
585 184 374149192
230 353 78677169
226 121 314261167
52 59 267237173
395 424 290939019
387 73 411977244
467 68 619055397
536 77 115891290
343 406 929897888
139 96 966832539
395 10 619167690
161 130 577244634
96 82 632465500
513 121 702317616
206 131 587775259
199 53 425792865
426 153 397209927
549 535 135933254
565 529 377086347
213 57 928457137
581 389 533602876
122 543 647197943
451 523 83269517
220 482 166688231
120 429 71639452
237 218 645111428
494 583 512438801
284 299 711928071
246 510 372307937
592 464 260291376
339 68 97404046
483 133 209213808
336 85 114945003
326 209 955845763
74 272 185670467
404 312 110895332
338 190 214215060
168 188 398829406
311 161 267510464
450 194 337149723
541 241 338337235
323 100 991650518
512 412 246382249
419 479 347205721
344 516 171548249
578 408 547387219
97 248 239469968
208 40 693177340
179 19 524990200
157 60 819849565
106 171 194655206
110 426 628661159
215 22 797871515
48 69 597848724
535 32 269021128
515 561 222540700
233 230 432592619
465 74 989029439
530 329 507530367
33 398 816126472
447 392 153369106
284 241 324773756
272 523 437822
249 414 425437379
337 399 301262674
213 486 786707185
377 282 281020258
91 424 776088072
195 393 299086253
59 310 680595856
276 127 107136621
153 548 610954537
430 147 484228467
569 300 142038792
534 565 21544972
394 209 187180700
272 126 777320038
495 559 998250432
64 415 200752751
487 71 684442136
339 142 239930861
60 482 830029522
152 61 818928475
591 279 81347314
154 537 840376422
108 12 399428991
354 217 910038410
242 25 476660730
522 494 366994162
521 265 521786097
569 243 454270964
11 504 755963328
278 65 361480195
519 41 109682456
219 79 96208149
564 139 137375507
48 584 568006376
18 528 608661586
450 323 398262754
302 18 167514239
409 400 847962790
286 8 700661699
379 163 782677008
315 599 602441393
246 353 528831063
147 85 707056518
282 224 255285570
591 454 729737273
447 7 641471366
478 392 724883180
258 118 183597714
311 500 415381176
16 359 299354180
492 542 753338063
439 330 258203260
570 78 236716532
530 332 209034465
161 544 192326485
516 240 8238207
229 336 17939555
539 572 89467420
467 298 11096972
48 46 954704437
549 215 319038676
325 297 551764774
76 267 527533606
314 592 779094107
534 24 635593943
172 555 153602410
322 519 286061186
58 253 211604309
42 246 382658565
510 399 683912680
192 180 265873812
85 96 119423151
411 382 889361215
508 426 616462215
511 143 965624082
499 358 237007841
20 50 685106331
336 513 12236224
60 192 581617730
412 313 11093757
36 171 111751864
26 494 229753595
218 57 618639968
261 368 424935872
361 76 848049359
58 377 671959462
589 440 28466951
551 487 199973413
257 71 819532720
589 592 103730262
287 270 232126846
345 169 510417956
592 246 743352525
63 125 402519755
484 430 352471008
102 28 964025902
145 446 880224769
286 23 194772135
246 562 125257333
246 515 88563497
381 215 811403387
150 15 927552217
482 513 377857371
215 461 525216978
523 544 137685549
526 139 62655910
10 329 897217977
305 66 196639517
510 95 488999097
151 188 531614910
251 199 596127000
508 267 845993867
260 153 910578315
534 141 423896189
358 362 640822116
184 308 456720142
522 351 324621684
57 591 5828895
287 153 32236083
592 393 553325791
111 82 346989943
267 186 840169844
478 132 330442802
65 501 509560437
468 197 832871466
317 423 39270781
521 45 683353477
317 100 462613228
477 88 643461248
412 150 434708740
89 54 988265241
119 184 259428395
20 353 269549805
332 204 309395830
456 106 561682495
544 518 177653757
154 430 927760874
372 376 807823653
141 126 516205371
526 317 939814192
436 84 894386863
376 424 440390730
391 163 787858225
525 168 179548836
582 175 491906586
398 326 326850264
15 269 213214537
224 39 196932950
403 173 162556508
116 46 63583817
371 314 551524124
542 529 136477514
333 258 381093927
228 503 954451492
109 186 830603897
520 508 365669893
225 278 765882097
176 393 503216613
163 452 365836374
585 105 679377468
546 113 888621484
483 337 577485184
120 400 382547262
407 103 470275902
238 18 753864839
126 391 436457054
395 318 660929641
509 6 100987411
479 103 456813954
406 389 132600563
15 455 844733201
137 446 57476229
53 388 252291194
314 500 39178176
594 145 577122340
93 199 419918637
437 263 854089796
366 184 556518341
222 194 213002622
63 13 739981648
303 171 39141727
324 543 275484253
314 24 479877711
534 346 822209664
310 217 993193479
382 95 339651003
3 451 284610583
389 335 721731185
209 86 502108281
561 77 123114544
187 134 651513420
237 596 209973190
296 266 290932279
78 186 117544587
230 462 50145023
403 192 810180459
87 96 4908973
13 488 704932978
482 335 981359777
290 191 84342791
546 269 407808403
46 198 215083853
397 109 387405503
276 324 602553446
21 543 456414156
161 346 723896509
544 37 356564016
121 501 61983058
360 286 628044643
62 328 711922026
498 308 840081373
452 175 883879198
171 138 71161549
24 512 486823381
258 419 17354676
51 543 846618180
112 241 119539304
600 31 512203538
543 359 893916108
410 278 906971686
398 25 790301311
123 589 615922867
210 239 740848859
482 288 600033274
486 463 849478511
129 92 239370037
516 50 394227061
295 290 621201821
390 317 337126770
357 183 744591760
2 231 533948108
49 138 592102361
84 52 284820980
76 348 136948010
461 198 806841165
423 82 120158679
531 226 780381486
243 462 330897383
228 107 193270503
175 399 948590797
202 60 70759377
383 178 47059182
159 57 106135677
417 80 851336642
32 101 749956531
78 56 538294671
215 31 452631771
584 517 865735565
84 322 312125969
526 561 340161910
600 63 561344463
54 524 359321135
209 205 695903611
534 450 876291363
176 183 599388041
597 77 768830921
252 176 697718050
187 446 192505095
204 383 8609871
383 366 751165987
345 478 575423210
413 266 566227320
232 148 401997803
599 149 785632194
104 142 163675983
337 43 948828992
456 63 995188263
446 255 339551514
491 595 927389875
247 97 471282208
449 193 24265190
268 385 396191566
463 444 357023697
440 194 478261223
252 3 26627658
302 544 883982266
154 558 125822201
132 512 988416218
286 491 723649626
529 79 987056947
145 56 702396809
278 219 146177541
263 366 617346615
73 40 28964327
359 314 722950327
342 81 142430521
30 536 317908330
11 90 888446938
149 192 282533713
271 467 515204289
249 346 617184295
450 326 765485997
3 405 26513595
462 489 36275347
61 188 396452707
200 90 528061507
493 56 817527829
424 406 909505109
4 1 558992587
365 62 30235690
587 179 810857516
374 283 965247424
200 23 511418932
441 436 568506410
479 296 678143256
361 123 537493121
2 418 737423547
436 105 253776460
188 30 492531538
186 239 393593438
309 274 638361240
527 113 121238208
221 5 221473817
478 266 586662534
534 438 406606229
89 183 117021735
99 22 636388263
251 416 882484306
393 130 634022819
232 9 448409399
487 417 798058440
241 356 535783836
575 465 633358980
4 576 41166578
149 85 56979174
526 461 763838192
336 245 475447647
323 227 931885141
188 338 581078673
102 262 366613420
144 503 757804869
142 296 617627192
526 215 612552041
106 11 204197918
399 272 685184288
459 412 482994923
258 541 207673171
160 261 970775616
212 174 119495129
591 283 443815253
135 527 739294439
308 503 753778386
189 102 834592136
573 526 431438617
465 378 77839577
148 115 261169705
372 52 93568447
260 190 43781245
402 189 812401771
288 368 583507753
361 343 764316467
479 77 765831413
23 592 513023644
399 548 221498480
364 391 625125470
125 317 890323791
293 206 418882129
203 252 465036064
92 411 910317305
19 13 474235448
203 213 622964509
418 29 615840305
269 4 653444461
555 498 204392560
128 5 201194634
246 417 652344358
208 576 552910837
213 272 414862576
274 136 794386610
204 8 209695042
184 283 890934662
229 39 880687823
200 164 959222013
112 209 167243294
229 307 733847976
544 539 671682576
272 384 67168552
423 7 208647689
583 531 996312984
317 475 193665928
42 336 760522458
182 544 654570586
256 481 924267153
123 101 705501395
109 453 279965578
322 549 195727813
505 239 960828415
254 281 844586436
592 527 961080675
196 574 82140827
466 54 355554061
350 528 553091749
425 282 506173860
232 527 158388274
139 14 653998160
363 75 999812583
429 464 338771155
168 233 595167832
148 528 571714370
542 185 978304373
103 208 378321593
52 271 133471258
300 448 324966575
34 9 122225646
540 88 537755810
113 340 129309866
365 443 767870564
270 167 34086858
520 213 500582941
566 488 224438595
298 378 660438982
264 297 284695735
33 27 790030422
136 485 682958841
284 68 468105525
45 4 872588820
51 69 400534608
391 232 676597980
11 303 168323797
159 99 693191489
292 104 658900965
241 89 928185821
5 442 332260112
236 94 559455629
481 389 704999599
86 369 646261208
595 448 131546245
294 134 530290319
304 263 855087242
95 584 506593357
551 475 334877176
89 464 281775498
239 270 611840579
151 596 157732976
406 253 587994123
482 599 491255102
426 586 866201021
544 483 216413346
489 241 264608413
134 106 883582916
39 350 346066775
466 574 323839728
414 341 239008338
593 21 423960433
127 123 33777042
337 222 517919839
229 358 410620345
142 165 736690008
193 305 633741543
501 186 904741538
591 519 462536015
323 104 776475356
352 210 795219374
350 48 127314948
447 326 616687717
251 57 230212969
98 471 490651333
332 369 495881402
169 304 823853420
279 314 701540687
426 396 559290708
441 333 595865306
172 462 480074084
25 394 612872416
560 152 101269446
181 400 733018029
228 211 93016423
13 35 974714682
132 101 399227170
370 425 104080834
541 465 70298410
43 418 786678008
47 3 671477623
447 573 716686532
438 334 946451318
287 188 90944023
291 436 428270123
577 183 147593037
469 492 485776574
223 167 362602244
113 244 57479891
50 485 251508454
127 249 212760594
467 425 769284071
551 299 449268037
585 85 510735764
570 365 235455735
20 218 20298954
280 314 512920499
587 266 793636945
505 288 855505660
527 385 527768370
147 538 454992632
359 392 485554896
316 117 760571062
75 421 453920169
502 38 763920747
474 89 920526390
540 155 787072470
125 12 74765741
490 341 204857398
587 226 645602890
37 101 475175300
533 287 506409160
243 192 495828293
552 420 309162529
91 594 307643584
471 355 818794834
167 392 505503619
245 62 774939906
150 441 79726410
125 340 910509281
277 76 744416637
405 487 809200146
488 76 444703701
206 24 551585791
540 398 789084087
529 33 223468317
435 463 871972013
486 94 651286700
142 456 726847436
535 431 911015712
504 265 951086153
398 232 868698734
453 463 793927958
432 122 808877469
109 7 43109165
462 219 684912061
548 113 887538838
238 398 475791108
85 509 31727435
321 491 222503475
443 498 830545613
42 230 500753291
298 396 511941687
27 82 554011198
281 338 71108444
41 83 133521711
303 469 945260596
564 7 869123016
245 62 212931487
72 442 181392165
269 301 978504925
289 139 872536120
204 357 436492645
405 366 97172174
22 7 560724722
151 87 369982384
386 354 704567396
453 297 188160979
129 168 61740731
416 269 57016239
542 253 66683204
597 335 985001702
481 335 584093029
184 442 106087627
377 75 277379126
160 389 398905246
136 333 211077370
580 373 566452144
384 257 511827472
20 273 350369337
144 175 707797316
460 391 717337180
321 245 953207762
330 321 198259005
597 142 540162997
201 586 776702051
518 586 646278472
274 494 383797129
79 479 337855658
140 212 25382199
47 585 915059197
250 303 663311787
244 586 22495291
206 329 851021642
544 384 406785854
561 383 801247164
315 344 77468102
123 427 30178540
559 69 804349701
362 124 881642348
292 500 363895462
505 13 785879363
451 240 123125621
217 253 864122520
372 78 871387434
114 74 672203322
214 209 733383220
573 62 626565446
129 297 570422647
377 114 589767339
583 155 168602080
130 122 959143019
348 522 179268514
512 406 797363594
211 371 652971981
476 92 704720841
566 360 281388451
553 531 284086512
20 16 496351056
78 18 471040241
451 531 237310928
526 480 159657647
584 172 511137713
467 57 150716829
158 52 927772830
115 509 962316873
87 470 247863650
562 308 571917111
525 452 218953823
555 183 240450787
2 1 527406813
368 310 988824010
151 251 148699241
301 313 469422644
443 169 736573374
553 213 640588889
220 289 976999864
553 408 37532905
107 76 176354901
326 560 855777705
411 342 771568933
517 257 568406397
497 81 944340659
166 322 479992351
106 516 754026607
465 32 558707379
557 391 642158609
522 409 586860136
215 88 22860199
380 102 489700440
591 500 511606768
399 273 61550778
133 446 931081095
512 312 961350633
353 210 733490892
145 268 637962778
152 96 253835923
438 296 754909758
332 6 718688438
363 103 264154282
132 91 60961476
17 114 821034270
92 389 387635262
104 99 976456788
236 476 621246469
523 227 817487120
343 337 981622484
219 555 905996831
535 55 59533374
532 20 838174193
490 385 128363918
547 584 518641984
21 1 242320486
277 203 980476859
60 301 799938232
416 59 548239324
41 489 830613225
545 588 804661897
206 410 399068919
100 136 193919608
400 270 828423442
565 115 770362247
305 443 445175273
370 599 176647464
336 260 528032908
484 260 496582108
237 465 50295531
58 559 709212570
155 101 357844264
245 113 477894513
572 85 372446135
449 474 484949625
574 173 842703530
458 205 793795515
308 314 380592781
389 240 953241357
231 308 169744058
524 147 191241183
21 90 294802220
85 202 125396729
367 125 440475421
353 251 355008187
12 482 364505382
459 380 40376102
343 447 601754478
327 223 834902416
94 291 90597673
391 9 404484838
21 142 167896549
484 296 491591360
315 444 312416398
211 437 687431289
50 84 99196336
516 367 594205551
491 378 441457045
63 396 613002735
491 392 198208370
189 50 937325588
70 565 520515627
37 291 644425108
205 189 48217513
45 21 941219586
153 43 251301853
136 6 551060913
84 569 935752307
273 55 978757317
260 53 406406647
405 211 328650947
263 298 974928177
179 441 858289750
418 247 409615615
319 411 34206463
351 125 119847467
22 572 267947672
236 289 99260605
266 363 683495091
321 12 669194389
400 188 433955267
472 35 837593957
559 89 951620633
1 473 15275575
279 314 684818656
522 380 13469613
418 587 834044814
89 68 265583141
339 458 382165384
94 303 357098126
224 561 153237567
50 411 859281637
253 170 279269864
584 102 549413524
368 238 996394563
445 447 954884295
498 46 895902454
68 342 524925098
454 1 25853382
169 9 477620038
105 402 694095594
598 35 24082589
56 243 335258862
261 181 732853436
461 112 182583929
374 578 264771540
340 403 709254732
494 389 422790866
131 380 890798337
159 76 43795461
229 318 807230025
376 507 251115561
474 424 469956883
272 184 163574621
229 98 428522128
124 8 914103618
66 10 950667328
168 304 601256348
220 192 836384937
587 9 252207563
285 271 957380312
478 445 264505509
429 23 170308208
594 203 235991746
410 285 625888515
346 564 905094468
146 106 906107841
161 299 778839448
112 559 230096281
136 288 546824234
310 387 528010431
33 126 353031517
285 211 708614148
289 288 407298481
251 307 702338991
13 427 234402099
98 36 525761230
521 311 115493713
230 452 540459206
47 244 651581608
46 336 982822565
447 108 142133780
146 97 639565922
476 313 78195588
150 172 765878806
309 323 307902544
407 149 876571116
510 173 776047760
266 532 327385927
382 82 942145303
167 104 321703673
385 107 207956237
170 555 371823571
143 360 333177609
166 415 436168398
179 548 859122504
339 292 323741530
302 531 367275111
428 270 262996587
81 562 7916079
208 480 313222419
9 190 677994815
535 565 903018763
32 322 172940277
146 143 823504106
339 189 617778268
572 367 263864176
388 104 772443333
396 3 159327263
461 367 192458098
269 567 355309044
321 37 76187411
313 261 473608098
151 7 40414113
594 451 90808623
127 435 371904248
184 168 168599386
444 212 283493825
348 334 51168163
57 314 507762491
142 584 426331081
392 300 277996440
569 277 251897320
25 14 30197923
83 255 234115733
436 116 736486574
513 213 528273576
203 188 797195899
42 33 408663456
480 543 756000492
449 66 419166981
541 234 730777523
50 490 170700326
393 580 995344758
331 220 249425735
239 154 769229025
8 5 585263590
81 47 724313818
326 540 533601325
511 184 429654412
43 235 920926975
436 280 794529910
295 532 481469440
196 208 387937634
96 170 374760690
337 29 585630683
178 61 948459533
71 439 436721009
307 125 276835258
570 320 766154509
256 126 689428378
130 265 283666176
405 274 289828585
509 42 889848865
338 88 985260367
541 372 133996832
461 43 454330657
212 585 81665274
27 399 189002505
578 321 507234884
281 456 758776797
211 81 982593971
267 224 2672169
128 526 134157471
6 130 121095741
314 592 102048718
87 182 536142898
164 28 794200658
335 101 447028480
457 201 749288095
594 519 457103483
280 71 519421702
173 33 887793897
96 392 691739303
495 31 837359568
351 229 588716599
178 52 955607651
10 295 660668005
53 29 574778186
181 205 571632719
154 327 4808851
342 93 894529031
594 64 370935321
488 478 687800911
494 281 835724615
62 81 963156148
293 223 91662479
317 253 528427014
124 116 672291263
435 25 143056568
135 544 165861666
134 574 38096326
43 365 479491843
363 142 602900409
429 88 142970287
186 199 72112124
107 315 386879296
12 282 302650344
442 425 459187642
521 201 810972593
564 13 776267596
533 62 132081074
167 295 384662101
588 148 547397752
290 64 870651442
560 71 772613519
27 11 969031116
583 56 419263604
579 407 160941577
299 467 952828649
289 495 459321412
558 187 181681110
448 386 305373241
495 233 555950213
273 193 956504013
563 5 555231251
553 161 184262165
270 243 333753677
29 7 561996293
539 335 330639416
95 53 954036906
458 76 720643301
275 459 180363613
232 463 738009889
206 108 443109014
319 259 255702159
365 236 72540527
571 351 129737029
279 258 101190517
420 289 890364680
211 224 329179070
104 118 956788354
479 217 836743924
583 192 192653465
465 591 726321137
274 548 6014858
124 38 950015531
424 586 366102233
189 542 242887879
596 445 523458378
505 248 422390933
574 473 942478939
93 212 358268740
201 159 452559105
414 504 592512632
22 193 67296785
596 55 131338077
345 350 853531554
396 299 688924826
484 344 942066313
30 198 80467009
176 507 344889988
471 572 581210939
143 436 582531869
63 65 85934446
588 311 674114339
230 164 943295074
262 418 32695282
250 90 253853944
138 369 785368895
117 109 653707450
595 97 989392411
369 108 784177877
298 449 301141710
242 196 401230134
123 77 152700060
564 422 945490374
297 286 341897863
579 404 854403118
199 183 117878672
502 589 629243106
414 431 13251390
71 34 378224743
360 3 301333871
139 324 350093683
189 56 643520992
481 122 94728212
475 87 778804255
454 287 271394153
387 560 110482831
43 28 448527727
358 550 993722237
138 307 622798256
448 224 538169274
80 60 869670169
104 236 884512495
92 366 473530694
409 43 674729720
288 231 671633872
185 503 279207913
209 194 690584279
58 310 134474440
141 18 92585663
520 99 349341864
551 131 608780825
558 321 463124765
196 5 634639546
272 246 304802169
572 59 946490218
571 203 701180381
340 536 976308458
91 200 767974249
313 341 664056548
460 5 80405732
72 4 872697135
299 209 343713341
516 132 761309623
452 361 410034492
345 2 407195994
474 333 290446943
478 511 194837774
460 600 509755647
478 288 559984751
52 259 212806722
273 435 578312811
266 508 571218261
160 554 581857647
396 238 756749070
261 560 69946520
150 23 840929143
515 463 173383235
437 17 595879600
231 71 176017708
60 538 269092408
200 229 142935903
446 317 746477921
450 355 880872817
575 500 161574200
41 74 754633337
243 84 689551189
216 144 532917847
322 103 119611652
307 290 989494539
154 391 591925845
182 419 411123996
182 58 874114272
464 338 5747661
271 244 22788936
220 202 613502246
307 529 232694363
74 185 33890215
147 450 49976015
468 445 568685655
110 560 577039233
395 465 506974035
333 27 726315961
374 458 723259417
96 446 741548563
464 49 538065898
502 101 239650267
585 419 475426792
363 143 895069446
594 18 235399839
582 169 61441572
293 222 291976169
162 327 80218430
176 399 875127527
9 66 896089664
161 396 393873725
433 22 769543545
485 169 382503784
396 299 659841328
177 156 957524934
225 7 97233710
433 551 496255493
557 491 349344484
553 66 97025702
367 550 354298832
180 143 213335570
79 531 204549321
7 265 8875752
24 213 472452983
459 169 321398435
477 339 176092119
488 327 112599806
215 180 382519996
75 350 824314585
366 88 994426503
229 84 864961928
100 6 489180805
202 399 686097087
573 73 873723574
191 22 190687207
505 508 462150520
368 380 131704858
535 547 180738644
286 159 805159243
209 340 645907280
315 585 654245730
478 565 305795580
297 441 488309126
305 487 51063219
35 152 825031878
503 497 897184320
421 297 754986083
301 358 373501962
337 200 142750615
347 111 310252467
595 71 170373448
110 380 640048063
320 166 991492314
591 268 389560762
297 216 833285643
253 88 114663223
227 135 827595559
200 406 158364143
474 563 208050272
521 492 961150028
131 110 55664969
146 94 692710596
349 266 354268164
384 410 522386281
446 192 798877760
443 392 671525078
492 43 8899864
544 400 438418075
71 335 761752352
571 513 526094699
79 185 207046402
368 149 397973873
309 428 664126679
334 216 414823712
598 53 561002100
173 215 310578914
552 285 657577719
378 591 681674869
547 129 511889182
9 60 219834976
507 26 250624741
507 75 327428451
24 298 273627753
279 114 702645912
473 341 562655468
132 370 432611016
413 158 834897743
296 434 56671553
586 302 561190099
495 151 801922080
87 22 503733011
559 449 546453224
409 509 295026193
355 260 249877188
462 415 739300027
532 158 510696854
62 97 140716889
232 380 475991359
263 209 970754715
527 83 457897432
97 45 633235962
264 105 957439389
418 71 183715961
247 86 149343397
100 102 434036111
337 166 379731385
471 519 840098327
281 302 718734074
444 154 436255373
527 206 275732267
235 72 132420095
69 110 682398125
268 51 832508337
528 155 60771903
426 179 538980541
440 425 528132633
475 516 425582718
541 228 330904609
432 590 540256374
376 435 611601511
378 179 524384993
229 487 365474483
7 3 566482602
563 353 228661366
436 502 252628425
173 576 28665777
210 81 789388750
120 109 161840995
515 166 8562283
431 284 734211691
473 145 756120810
47 492 297844939
520 423 517872225
79 378 165629173
252 186 246933995
508 24 862433918
51 276 192505629
506 61 344154988
91 439 911282285
266 252 11565095
512 558 540580617
429 28 306578516
38 29 963784140
267 309 606551245
9 130 229435520
525 468 175818232
572 245 254945609
55 5 691878742
279 155 662623767
173 517 74226496
325 556 584720681
527 5 171028703
395 138 477031459
17 163 78025173
96 467 557588154
486 490 728230450
563 498 39173206
286 157 637136881
378 154 225900739
304 507 873033936
367 113 824476788
145 133 808862628
65 4 974636393
180 214 598257206
77 152 671160030
64 437 329691471
132 287 688625683
368 183 209071063
40 525 555294052
350 63 859155429
502 393 953857436
309 144 41348503
465 3 885299465
115 528 879281729
79 485 152761108
583 472 836387532
423 138 507106034
454 505 985195140
261 102 710159
589 171 346157357
528 317 311424807
523 346 204630710
480 92 179785972
67 85 391557277
569 142 45309303
452 182 659481724
596 373 277634179
6 5 409578748
327 191 490897670
29 375 983970928
558 374 638470074
25 245 750307546
502 4 349796776
156 28 821468709
396 7 855156646
263 408 957661515
258 200 840967110
429 265 702152740
86 129 126140325
255 253 170788977
299 343 233632722
384 554 67863396
376 54 195857399
534 108 327241916
346 228 253998221
338 326 180342079
488 2 852719654
492 158 857813473
408 40 379169410
383 48 868078804
390 78 850603644
148 176 929684369
81 248 341392573
222 514 447114142
90 554 703872921
75 336 567217944
473 315 729599295
326 526 628698892
495 253 403445969
1 188 907625770
563 384 755697929
96 453 307796066
529 178 836998179
358 348 542541796
108 51 392877903
433 196 703704956
541 131 480730749
317 227 643297940
549 218 467083436
82 47 946611883
74 6 876260864
35 547 167518869
403 289 978888845
532 80 610609575
219 375 386879260
307 358 419026055
347 326 250674127
59 14 732012393
354 142 852563558
489 557 990642525
306 278 44264925
552 375 759765970
571 506 729713845
10 1 547227356
552 585 325228572
588 541 126803147
14 283 375844613
302 535 729013735
269 138 372234831
385 445 710426960
98 72 697967658
305 499 24916964
105 293 551877593
311 215 478160319
1 154 642890921
380 405 606263849
580 217 507640704
193 191 644568367
253 543 798320660
573 276 306309151
91 276 265872559
464 191 950415676
107 583 945847686
384 508 383660302
560 548 747607901
282 203 696299654
374 177 674722322
18 318 664687835
500 382 97558900
181 523 926037797
154 499 45127033
215 418 517658018
152 323 701291879
354 337 666607670
293 587 960553734
1 471 511390141
383 392 408765285
573 138 502755389
375 144 651123307
93 444 725550649
448 444 430427888
187 14 211313904
109 229 213473554
18 5 361731876
101 45 139982145
30 425 578111055
430 3 236524835
570 170 91584799
25 182 936294847
212 167 354015893
53 595 670975870
124 434 516760538
464 589 262899573
262 455 385336369
574 191 988711789
15 7 721363435
570 397 202422943
552 454 781240344
459 6 606797730
326 396 534490853
39 432 91532496
494 197 606862487
101 324 391370414
494 384 721757773
452 592 988722161
108 590 472336466
269 450 85149196
214 599 805504311
144 584 740956795
35 194 54683648
361 172 510525182
301 311 562481770
93 374 34586801
588 566 610355323
122 36 799833064
44 35 794257644
341 340 791967303
219 246 839584169
360 534 125095403
35 27 440010510
252 552 546585187
96 213 264088932
538 104 655860421
523 7 793680032
500 125 918962044
441 411 415180042
185 454 737467385
440 325 892356597
391 175 776081070
599 376 812790057
242 379 459096124
461 319 449588869
135 219 626321338
244 521 85066014
434 212 787833682
277 49 331303702
264 288 435961605
24 4 349225716
550 243 776731769
388 12 167011342
75 10 559961599
577 489 241301593
15 337 548181935
305 376 546137980
476 99 774007200
572 7 686914413
256 304 732120525
322 554 627738040
225 580 877336114
323 335 123292809
351 459 997194809
204 599 953869993
73 203 653768259
201 534 150501260
283 379 854392342
416 358 90900357
43 372 584436906
404 237 333295864
283 203 37741649
96 178 273971277
365 164 869701730
162 28 123095036
296 189 841959452
541 485 764005712
40 6 179598767
443 544 345697337
173 403 973710853
497 196 24347261
510 280 696804928
36 154 506846431
568 124 425141037
404 370 785057185
96 510 508709175
110 244 242404574
547 202 533876329
143 38 352673792
165 401 972571311
495 6 917963350
510 382 590002587
46 5 760416215
262 567 318565138
381 86 605367315
375 215 419374418
150 463 819628985
506 150 585770482
429 315 880739148
20 294 969324557
40 3 808207626
520 55 487067540
403 356 155983110
221 105 649984694
90 354 353986658
14 8 811065513
294 193 77905642
280 387 227640055
91 115 740778175
72 12 629725438
495 421 499152283
288 100 193726933
503 260 858846958
171 142 820683132
593 185 419256764
370 203 577300711
504 135 573478443
284 236 117291766
473 80 302459680
455 62 288916880
541 182 723862756
389 215 862953966
76 240 58938419
149 273 391691476
76 239 485674713
557 298 348857259
387 527 598449223
443 334 889896923
155 372 847995758
554 242 928265531
101 77 707366691
572 295 859020090
438 418 905487391
46 32 849846635
420 529 178177533
410 527 725515644
262 580 442657649
12 430 176092303
383 199 263946929
162 412 973775674
555 76 528498568
470 27 106553925
265 104 806945994
438 445 763221266
581 51 290319205
512 159 218608690
210 365 489407053
217 473 394015536
127 590 362545321
551 440 521078838
183 529 900719944
265 182 506960369
16 441 889734495
231 111 873077342
149 534 497471306
429 182 726513741
142 17 642750865
285 291 988456204
264 167 600893525
84 448 603567655
217 487 168693739
281 16 941693088
93 63 267322011
70 44 127044774
112 390 324149401
538 103 235973863
98 112 993965884
351 26 249476339
580 301 99787303
375 558 771965143
581 252 520180689
262 126 689965436
480 319 844934384
292 71 19617682
422 6 656474288
310 255 140081842
565 280 676783691
310 31 242856239
272 45 547384896
23 6 819269711
325 412 509811628
399 34 297882777
303 538 499357162
589 361 856932589
542 147 136622929
77 38 551888893
38 447 605085880
328 411 171691317
100 348 455224587
403 442 804599265
504 58 18985540
386 166 313809104
170 20 65137956
41 476 623992873
350 194 726792995
36 1 319393734
260 123 555708762
197 54 437126480
547 124 974061219
5 564 185695310
94 22 797268564
39 20 952281984
234 173 307250747
446 431 503763508
42 273 728422829
73 446 9563848
59 430 498482320
522 355 186284218
323 248 46469091
338 563 719008673
204 551 182017668
547 488 30137827
392 238 835767204
259 463 700633524
167 19 545286120
491 199 495027470
495 182 406140150
428 107 884485645
347 336 969024444
351 35 335164955
209 84 782223014
86 598 686754314
557 444 720547266
578 195 898710960
465 155 555623016
9 530 636693212
518 257 285112592
394 483 104935106
13 325 954936634
491 483 57302618
457 295 725438698
157 499 915056160
59 272 973017119
223 72 629054097
540 94 90762179
489 48 172414326
450 362 534479812
439 99 669232192
583 436 774978739
61 572 938602095
205 444 510871511
117 187 144151678
504 204 5070788
85 420 640678112
208 151 406772769
552 201 708352278
520 565 190319056
373 146 55969547
91 465 556340130
193 125 717953447
323 246 437125761
19 445 497927435
363 511 995548379
281 12 311231555
303 383 230423892
208 447 756711715
315 46 851151419
506 282 562063974
57 18 504228087
123 426 996804093
207 56 332472436
311 225 334064227
429 115 833510353
195 263 493378926
137 106 928872046
449 485 56620302
574 499 985089870
236 204 659969039
407 135 988753199
353 248 844549537
16 2 542007047
238 27 736107342
432 83 152236328
324 106 59686919
428 429 982052577
208 117 348473582
486 47 723627206
132 88 194117540
367 106 778552066
326 256 158401459
17 12 11631540
430 268 535326944
93 40 921971790
532 246 682198003
339 233 865865133
442 497 503761416
147 210 962649525
309 14 338933822
209 217 113175939
110 33 34756361
194 95 483516561
275 255 697389883
438 95 46048984
574 470 299619766
124 382 302980931
295 300 187906467
584 443 461114443
525 263 789095290
525 594 606560629
474 366 111594644
54 36 566885378
182 319 556068345
49 197 424999743
391 568 233716835
539 165 449097298
575 17 660490962
542 513 304560506
396 524 709706331
516 543 212440667
530 289 855156697
307 463 501518134
426 319 116196938
96 165 711268054
520 593 242390277
28 17 111664827
220 169 333400599
140 366 422326270
586 151 24098240
302 23 109946623
536 582 637854797
115 567 5149008
168 60 477531268
496 346 915198903
479 470 970801508
425 172 603863867
457 43 663348559
412 523 681336628
206 89 490562223
388 474 903859923
596 42 507328915
222 78 476534777
332 250 710961997
433 479 902946094
588 4 299899733
67 439 873317590
190 109 445551210
301 435 555052783
192 169 826442230
82 328 58721679
158 148 173092608
522 456 318647666
143 84 288085390
548 504 566433067
470 254 425498019
296 580 956404285
522 166 386347433
197 517 78066607
565 499 49358673
482 47 873907312
43 30 752862790
495 202 737849082
561 375 860922939
489 122 452600725
408 134 724014350
13 315 734850516
91 257 264514660
338 192 426233032
361 147 524592753
597 82 920199783
569 108 379408461
142 136 355968969
34 137 271972167
237 155 265418948
254 131 936805423
215 70 984963520
420 118 986092118
163 93 591465865
90 2 657295453
593 515 142017826
407 523 544804651
346 257 28226405
17 540 207678498
280 92 941225647
189 563 758460122
331 266 54956396
51 31 383257554
140 119 368328135
507 138 642535846
228 401 947913789
89 488 709561584
221 341 238904092
580 137 593772262
480 272 223136845
90 156 247603376
194 593 763820881
513 388 695121575
218 443 571112743
357 215 45941140
447 436 165630822
325 88 737293657
323 188 796831270
203 276 753925367
106 207 800375740
53 483 598498644
55 31 354760793
505 487 622353070
390818179 304777579 925241591 275651059 73101829 968470661 147454579 320250868 862183596 558260832 486530166 412356873 901443526 684638147 504902363 596763952 501305912 25411083 464387074 628549966 319315785 116632858 318033624 972581877 114359299 911046857 373458346 843902755 415767152 118395283 337637752 177332790 782348103 414601215 230009967 124126050 500292477 316262882 380851524 268649909 291156608 532873510 401021457 470367324 246686041 66053571 355025553 63969858 944039439 432633588 152364354 693918692 230082217 516469929 512025464 480071910 215043272 886457876 818236245 971666400 317139589 807129299 381120306 818445201 261263887 2774427 430023080 864857766 179068284 511478322 682706674 752872887 230462242 478029515 337344210 861516977 935918177 564701631 719465309 140271657 760748569 177524776 274060196 819355089 126858470 678904601 971535361 304256431 832227133 474988393 884483128 615662738 962747243 377144690 23372654 964667533 995671521 68930908 753882349 678849852 624359422 655789145 964514544 257719217 65627357 568433109 445241509 233514509 870318891 265262278 792723620 358498731 250868523 355133628 613182630 403569022 299491268 272592583 859928596 832871384 37740470 250036806 8478058 920399640 379664227 717682769 552512550 764246827 184899839 870358963 409222082 490947236 328375376 515831385 511191221 4467874 729114975 282576985 637773076 221847514 723770883 712443531 855130908 195687663 796962495 863121493 609429689 39508833 381629931 33224397 660057115 103382589 286159261 750668925 38224926 411910936 158971986 243708878 673178565 512448571 994447640 404754194 983273981 712228174 584923943 52980363 545116699 855684524 598724782 573631436 714812939 504935400 232014204 330603621 342990992 499424306 933258526 373125887 959691647 64838894 120963196 97372040 704092027 77172900 450428699 38879037 176349241 409931059 719286593 669932771 475058562 378627879 76594560 21891177 341971374 390091207 806192332 740815384 264879174 555166438 489322503 894787636 566046219 831580581 324314266 69397410 944049755 47314238 283214379 819108116 615148410 808217034 935476830 194402006 184707524 70946157 685562570 776012981 182568743 933782816 663978340 636167348 188201125 304891480 393719761 48398769 609962574 257500814 796521334 469805401 291115959 697326972 48902997 502965286 218962759 842224898 10512736 295069957 419271347 657253113 297475281 665767014 972449588 661465447 460500525 326518700 146406033 962966653 287603620 316136978 842064737 269693784 365488840 235080883 856286417 473977423 913434249 10202816 331574203 234293679 290578622 435176668 424031985 247169728 193598288 551763159 420963102 359799367 55723998 393982170 167494106 261609733 648242962 330877668 100615971 594727481 524943601 251549730 670590066 110437020 901355568 625787315 984590597 249751119 976331509 211750269 351736007 59402107 535550408 679940706 79735496 588146647 910291369 995714065 828632376 638457014 876156174 320577171 929909860 545846363 416568776 912260096 119005257 266269669 807022209 111642403 6512950 959527769 866997706 657717924 510479855 221968645 665541049 480181120 292151616 578043594 247274651 823410559 130343907 608331592 764620723 542120552 612185044 95954544 356594939 265382867 81276101 694636069 974724729 683881229 387806787 130666840 710012977 31071890 488629232 934677009 687490083 699247477 694085025 624188818 44838444 974396714 496277170 140735808 288066967 588786613 331673241 316892602 758505549 346909270 489323191 514457738 118995582 917173191 386045125 655117476 578290503 311274321 169555226 228865485 345217700 241853303 742839842 548704539 945536818 991992711 636585461 258228577 895237739 348583799 754619102 663605798 142026459 428233254 414190377 806310200 115062795 406614994 516689202 116255236 620952846 100456662 183258907 534516291 448095680 653344760 363621039 344998361 76814203 737534991 948490856 486012394 422384199 8384258 25462155 14898238 951309557 311061679 186061474 262477949 70740602 163735780 337600665 580686266 519503026 192133698 948562231 184957053 558061749 471651545 966085608 540521075 472743314 576415738 345691437 428919354 13840249 304715808 510365227 902961154 363979268 236612031 587784971 449226621 505092794 164938284 726382046 732305493 500946519 56826586 230781213 136906650 545884221 760211140 379152753 466562291 945087820 566689920 242456103 556399102 742824739 850444057 36372398 767568964 967134892 157185351 451789986 989928046 848624600 92154823 826340456 720944938 863651759 479532929 779618543 615552086 403360773 495760263 179777673 978893222 203307940 966242937 844114390 927045391 153081807 219128091 451054073 448907447 756951524 744886980 925943714 315238319 910637395 55073259 812284613 709185366 249279341 752229916 416066001 846923995 458053328 151155816 991841886 508103799 267026755 275618903 620093057 433974488 378669487 888902475 981346197 530733385 724563150 339693003 995361782 222606429 801227884 769065564 97812676 173545380 884190086 916762173 142564422 575336445 659253246 712995579 207765126 625557335 380443661 432624325 933624319 433242454 584242862 23588958 426549393 770430738 191647607 580444940 898399293 912940387 572920239 999045422 375813086 582032177 560376476 328134233 208881815 166386752 28977559 233330698 559612757 479073797 875526559 659628752 659847491 235602378 415536604 673265700 463467259 668153951 812159666 213142451 202143862 279986108 855069742 996021123 549159759 6436276 225434791 231776191 625578586 895605272 339781340 499972172 938198428 237600785 424876437 497726837 35883929 412616485 369696225 436443697 643561987 847451093 911279635 755160433 243896918 926179948 239474135 135917128 558539520 912101773 947183305 313392934 956657556 590184382 448792397 20794249 812294219 344523757 666266246 141034340 722696618 10340993 251151082 816724221 297276208 6565963 604539507 158664683 304092583 679845516 690267578 87559940 508018547 184986024 953627931 671768066 939631048 390265734 533237842
340406194 73339706 429503196 20924211 232406038 388231973 208939253 910792555 642934182 801620211 986046987 336999462 12505730 539237691 107003994 784572892 131370196 96582589 435517573 208177215 481512628 166495112 784254544 79042696 448324845 553153436 638130827 68676055 117663581 197992417 16827900 712145079 315728790 895152886 388952185 621690905 451723210 224151767 712402332 700338949 25924653 884655648 680181105 578808889 947938599 837028369 260870970 806600317 140832552 616520548 379662771 18909252 843975740 213552645 86300140 481667135 257890927 798196237 614033560 610333084 956115217 160252676 386809461 226974566 51831033 510142497 470737512 89554155 401716402 601324371 315029740 49376232 481956148 230951323 226514191 830783305 557291827 868076331 955359090 191353129 117452663 298585745 101295851 836251193 685645169 428868810 633480512 55644430 913451630 735047910 818079161 427078276 264850308 24990564 803846176 265585558 617459161 381331275 975372239 496102161 324955428 729255020 296431364 540617623 102686152 334549977 654895342 442151888 410265304 328044479 337423504 350488476 955917081 351189554 268891648 602943894 646011561 624392165 157569367 982050317 942170757 995090806 948010833 505821997 192567554 565246508 497273278 354200490 623047469 764214395 316223426 646310996 917979055 759638306 518795986 583528349 562717642 68749542 377361010 744402199 344035069 112541797 257695910 668007487 330051161 223507079 911444775 347794359 481298495 995289452 167512460 499896918 775936718 829793353 650420116 495496626 266463663 995054503 57186137 735779630 3367845 827035327 67629813 75511581 91103853 767562204 186772200 643697480 17451820 292634542 450241381 315508285 813015564 705517480 600568227 161642512 946076805 597063546 379053639 614380881 216460634 118839454 889914225 710102375 542133073 532690175 752341027 633147686 786453484 638999220 706776470 600981807 519457980 785806252 436981299 440980931 338038996 771317424 375285183 187113082 279016286 509161353 810925463 870736169 630723007 134508612 759064823 247232542 450110323 927521387 117225718 416985192 739408852 122620215 897988586 432995240 611210344 824647628 469782000 385392210 321071845 612499375 16736144 604849796 840636066 331316561 442190529 603593692 168910298 289283292 424073863 144062728 722382822 618374060 900447035 470312276 917295075 654067179 179607036 197008194 55414454 585026261 449432024 666299356 605262179 506814398 862520910 659427778 802727284 93631987 364237443 942762984 327023508 693118751 213502348 983620466 174287958 675945193 378834593 943324024 652251807 920025294 892908529 83290908 662193217 459110620 325813045 224433122 397530354 756632947 806255835 870261807 604360491 34094012 416365161 821880920 65380938 503497298 881252460 646224551 787431790 873209605 201461072 276425083 441550325 45305098 952518914 166892950 151735549 995406554 415407285 850432412 522050303 712320449 87141543 388114675 357490424 324872906 283652196 488642857 929572526 832980036 892537353 136086404 296950305 848042510 743358523 805578691 659547543 702818579 547175320 470746640 908026314 385749118 230701006 360834317 993153243 627692976 155894489 197370689 152193336 3363534 239999313 985520402 446391414 830976092 310196180 415637663 474711907 576527848 58489750 490406125 107535345 709817657 236255239 148930425 8565180 178186577 468402846 541679461 202592768 631897234 351177899 339267282 776897726 238451483 699486143 262478743 178393173 978113013 402965859 504735390 266018262 350683033 434374347 5659708 355066548 751730485 527002007 674161109 557331519 596686933 566589699 386197580 251935859 397174056 83051380 793110564 159784099 496518193 119901720 522707133 490712447 662036221 329139006 625452553 163231690 181833653 447564351 233245368 901069795 97064729 967578589 582283778 74761634 583193616 324843728 331707757 869512418 164434687 790149899 658944175 796705362 903845846 190639855 754624791 181362236 80385283 232378607 296839595 272247889 682209863 364827330 291533389 514697254 67175997 398083205 452056332 206291914 855107677 233240142 433326729 311252625 391841759 396307178 859734381 71875079 955181555 356493058 840832704 483230024 374780900 716945431 668916849 129006972 833403655 888530344 711099206 852622601 919768445 621164989 235680503 816940691 496733441 440211893 312102803 73282507 991255216 145465046 764719380 128028552 886710036 557202374 233429155 381022100 343498683 181306970 312894457 113129559 950847270 585590609 859368636 193229216 466653676 805124670 13672838 829823958 88581012 390777887 323251825 109170790 828178789 355002302 296493955 354192923 906697272 876358978 256390290 114105055 270959326 750047344 168652439 94781199 218749045 951072134 416322911 202538169 762082674 177827893 237797311 382321773 772671047 495128350 497487613 299067330 930945297 281582152 812920556 13603678 691364809 202264251 49232450 670483027 660173821 96472964 792014332 485962492 968719051 389572551 166542148 85943884 571031114 635996321 14255490 945989200 811777228 12440323 38345351 908946538 763521096 142355803 559139051 16294165 56180480 550860131 76800023 849797886 705821629 889645502 457893988 737357989 143670486 696885269 709302009 487262051 39309487 169710100 273176896 9954532 499799370 884275762 975561381 594365382 653167870 379324613 159478687 516118968 739666219 848198150 352503110 323604389 846136186 958167603 295747738 977726740 362274164 813880905 545380521 525309704 614801340 175601201 224215913 431505354 977284786 229679746 92130704 30145466 182895490 725646410 398038533 361195913 184193253 15691631 598968755 38350837 593962422 891243127 587057257 390045685 776045785 917038854 563373757 82509477 317194225 466431972 331964632 354802397 865179221 407422934 807273361 806940740 905710990 592511194 453561384 855778956 923299819 825094520 590623437 259445611 458768264 793807702 283656691 733751932 28056475 295370348 880591560 344792472 985983091 516610627 188420735 767075934
