10 30 1
9 8 344296482
4 6 409182036
5 9 896537199
2 1 761998466
4 1 539437930
7 4 23529363
10 8 221742631
6 5 535640657
7 1 51852535
7 9 209778387
3 6 402034137
3 8 317019100
7 9 499946443
3 2 14392569
3 10 92114603
8 3 632013598
9 10 189089122
2 10 198586623
7 10 950533331
3 9 603779215
5 2 295531855
2 8 590090708
9 3 526162390
4 2 957786322
6 3 125418859
6 7 77803245
10 6 839943847
8 7 103466892
10 1 108462563
9 4 841630108
0 828877913 383720090 281941710 384055873 765919265 283287064 0 346611449 961763801 0
