20 60 2
6 1 813631567
3 2 832106208
11 19 72953892
18 17 602403397
11 7 204184248
12 14 498996160
11 18 769563963
12 1 720335324
2 18 380725415
9 14 825002640
1 15 409180538
8 9 688957686
9 16 296873060
18 13 513735272
13 12 643705599
2 14 87578563
8 16 844609833
4 16 231336317
15 20 100406346
5 19 614115539
20 11 173503688
3 13 366307386
19 17 869957821
19 14 767683725
15 9 582696142
3 9 612462069
2 1 25356719
16 11 563238989
19 4 780304976
6 1 124797462
2 14 685921606
4 1 922056963
9 20 124985724
13 4 46957866
8 2 153354799
15 5 442393970
9 7 371658850
17 2 768620959
20 2 781687591
17 2 149614678
13 6 837133397
9 18 210995233
10 1 563377000
14 10 463805777
12 4 648134199
19 9 259247914
8 3 237251988
10 6 111595198
7 2 497821394
15 3 86169359
20 13 365343668
6 15 67225225
5 1 986949601
6 14 615909073
6 9 384920259
14 17 567042657
7 4 519578312
15 19 452961539
1 12 261511317
10 9 299743912
414714113 397913884 993712212 201979977 997584866 492455862 638690882 11923511 685230176 647317668 247958521 339094673 236187623 298714335 616900595 796037750 132948064 470743924 857796471 229335625 630842328
880758232 795090450 611195517 787604579 680458717 553254397 870243172 887520981 887091569 855916226 443026421 696769607 244631203 111280510 624845161 865667624 192329831 920845060 715545356 999940736 584506297
