30 100 3
22 20 126180215
6 1 376923614
21 6 888132924
27 9 82966929
12 7 996785617
20 1 828935069
6 18 352370366
16 7 96572575
4 2 338287091
24 5 795109931
27 22 187405338
19 14 530857768
29 5 471935650
26 17 930861775
8 9 341214300
7 14 346874036
26 21 676311857
25 28 712774220
2 1 520220897
8 23 956491091
13 17 673709291
9 8 300207067
13 10 367521012
9 18 894781419
3 29 396041069
14 2 626787948
23 30 680218248
23 20 294040596
17 5 781915498
4 28 157470748
25 11 573442596
10 6 377519003
24 3 455921569
16 3 175422543
15 20 950603202
9 1 858561616
3 15 518466746
10 29 779331153
1 2 897964969
19 5 895802214
3 20 263170637
17 21 903135002
28 3 581604986
2 15 195725026
21 22 463755567
9 7 717165003
3 1 202014034
22 13 347798218
29 8 39773479
22 2 401028324
17 19 51649217
8 4 654721347
20 2 203115505
23 15 166862762
19 10 436916906
26 22 19819039
14 10 536689356
29 17 693440766
17 1 10692948
17 2 285900006
18 7 39874042
14 2 62031356
16 10 779169275
9 20 179115592
3 22 819485147
12 4 121961239
27 25 337201689
27 25 9419043
30 11 999880673
2 27 541263010
7 4 707765366
15 1 746929583
16 17 611845459
19 6 270134432
21 2 698195244
10 3 584234713
13 29 950450753
9 12 974074390
25 14 776148050
30 16 173219169
5 2 466265101
24 17 353218985
4 17 317596212
24 28 158765195
11 12 717439481
14 13 311198230
7 2 441817907
11 2 918368601
2 6 527732801
29 15 17547475
26 6 649545513
15 6 931395259
25 22 790838514
23 30 926899217
18 11 915908555
22 12 374720715
22 14 408048813
5 23 691403442
25 24 451029729
20 4 855741004
0 529564609 0 95148158 709435136 0 0 563970503 212581033 0 0 430608819 999266445 486922274 472456661 949254960 0 0 609449572 0 0 466853807 0 611393200 420797986 0 726441290 0 608268735 705142496 911351947
0 0 859803660 445936789 0 234705478 999345936 841235543 389085800 675884374 945239913 570113560 557399401 0 0 725331270 802803200 15691194 654646103 894683078 0 586707084 0 0 124343185 653409182 899228747 169391675 482856700 853138556 41499573
0 167993501 0 243375948 0 357366454 0 870144446 0 5208030 0 175234213 684971044 0 363359220 719515481 510216072 345554224 651969559 668812962 708546111 0 0 572567002 0 424375442 781216093 887686868 0 223201012 0
