50 150 4
44 4 775801769
10 47 728272748
24 22 802810872
37 9 329732915
6 33 876942648
23 45 718235634
9 19 585668846
44 22 402265062
41 24 709230923
43 12 614162187
38 12 571024422
11 37 476248947
8 48 624153814
49 47 418212458
4 1 273485840
48 11 771536615
26 12 224673979
2 1 625391782
34 8 866952440
32 29 504438292
3 2 442124304
32 8 472621032
44 17 507785421
7 42 859751673
28 26 916416388
25 20 646809019
39 27 894443932
8 3 648860984
42 40 991526126
18 5 337945572
49 1 276419415
50 24 445910610
41 18 128848487
8 5 445842557
47 19 300530087
15 43 997601584
44 29 914508888
12 39 601914258
35 37 18608840
20 32 349760847
48 32 67106289
11 2 307680664
7 1 434808107
35 47 91721493
50 10 390932445
45 31 227932420
16 7 800168788
46 14 531987902
19 13 29417518
25 4 749843154
17 37 22741987
45 29 404062201
49 40 14455725
43 35 398697887
6 35 833477501
4 18 496693922
16 37 863296396
31 32 723838010
4 5 645027118
15 8 47774183
39 33 23512597
12 1 884836466
7 48 162561616
8 22 135885982
17 14 100431933
16 23 436483715
21 39 48202944
21 11 152148359
6 16 155184833
40 2 812916707
17 7 224763782
33 45 512331405
15 2 937100139
5 3 904555214
22 4 852958789
47 38 19081374
24 10 263659617
10 2 628691789
28 30 266835154
27 6 815792777
10 34 9236161
42 22 7297638
21 1 694668711
3 40 815228255
22 23 654664118
19 18 126631893
40 28 346970170
5 46 208024746
14 20 405695134
19 11 267068700
35 47 756008394
20 2 697745581
6 21 418742025
33 11 75216621
24 36 718985154
32 2 552422705
13 9 764858471
36 5 52613480
18 34 169434618
39 5 182439269
24 9 252003542
23 6 561252853
14 23 335273078
32 17 918015352
36 49 171097013
13 34 21969068
31 7 566439184
31 8 307901598
30 15 400047450
43 1 784030723
37 1 578026350
18 29 411843715
34 38 934614266
6 45 495624622
20 9 607632985
26 2 893219295
50 29 97799364
29 1 888963759
47 17 996956199
17 6 781589848
4 8 499610627
6 3 223415323
18 20 984459929
26 18 928219972
9 7 525048866
32 27 141389712
41 48 612099383
11 34 199666393
31 50 671126380
47 42 155553794
39 14 763626224
46 48 904853829
29 26 258452142
24 20 615264000
41 12 945572333
38 32 169097560
50 48 858008709
10 7 189501959
35 24 843796795
14 5 774668665
4 49 932134511
10 27 262105154
24 16 882742613
13 1 132165606
36 45 502792645
23 13 12274910
29 26 312509607
17 38 308026659
18 36 271931243
23 29 376564398
389898865 662168674 820415660 77149777 844897575 276853008 490385550 237519340 379597966 326281804 774590304 588108744 243982991 266688155 399596987 392028422 688655944 194511548 765421063 329224299 323334461 984461296 225648067 833682937 402452229 263838600 691833982 134396982 589975289 679776090 910392837 230852908 383246787 562252963 413583678 267016272 333674621 863657181 839804540 188500508 918203055 330565288 584187029 8207843 452447084 458059738 627973480 697644007 807447397 884476253 222415077
84175050 413093307 642313503 996735222 660869825 620521102 597701234 123868652 449943148 540039007 122602178 671407381 936040961 952421905 101328456 869361874 36753499 888277828 157820475 921113388 697044866 120224181 369215851 267084376 134903827 402873031 372085415 166642291 718386045 364944840 151145082 952565717 306596077 986590717 614240132 714069141 827355372 643623933 903381813 18905974 856731469 252432926 116902374 244653767 460854452 473849587 307584803 585497894 96141803 454293832 708769543
111117929 830227754 705449222 744784602 969332981 822288717 370858542 705999692 94416785 792954650 573912263 540740951 381309463 38243739 275542011 473413750 923731951 140220654 254867637 881065370 684705211 493027948 320233558 635014214 957850953 995389649 231059076 612739643 205382719 476068038 543204772 946436064 619480649 621674846 199062531 169783948 623883577 801402382 798219116 620475515 789235728 489238579 312416843 647166541 369751370 698010693 686592104 410147016 288123751 836917067 433927980
348274093 283786429 906690462 50705625 646988997 896008731 366323750 696910551 853678699 891661399 238840198 276364938 981368759 52013429 432520374 145524487 461834987 177529491 653485351 709734056 721017015 540963808 651574709 434466937 378121445 987871383 809339116 74088319 788190133 341891726 726034909 312201602 749004794 845301102 177229470 68215854 446478623 213868904 456978350 89343608 945070800 581246197 17698157 353909655 673608447 840467197 803516440 356893866 814026534 776486040 673660615
