80 250 5
60 33 798183929
39 17 983539732
27 22 234219037
11 80 928476633
2 1 297458966
55 59 212584517
9 22 264790020
51 22 707134622
12 72 624214814
3 54 233545703
17 19 836370385
23 63 107019605
63 31 231447811
35 43 466799744
17 2 844932289
53 34 220674541
62 31 294932117
43 1 649082657
21 43 290307197
1 15 724770751
5 1 932952811
55 29 249290479
71 47 198396205
76 28 257668256
55 35 236591145
40 34 799844321
3 62 406509010
40 21 308189625
57 51 521683030
39 24 791517334
6 1 950179960
33 62 470091441
24 11 694306861
7 1 643964317
32 80 68070591
32 20 930867284
52 18 396552707
11 45 674099721
27 10 822464497
38 13 737001579
71 13 630055628
38 8 550505841
33 17 989475285
37 42 183276601
58 2 446728739
19 31 530508880
44 41 174289381
41 42 652443721
77 41 738112324
41 24 618068723
43 30 519787842
40 42 392559083
10 5 712689480
60 35 821034386
12 3 353934294
34 27 433906944
67 36 96496899
80 37 287762508
62 22 25184673
70 6 732218351
16 14 705947771
27 25 802937479
32 44 610452068
21 28 857007985
58 60 461685790
4 3 625678162
39 13 796107575
9 20 299226561
46 69 728815529
63 34 984369235
1 42 187849082
80 7 955437219
71 54 607750276
78 66 572637806
25 23 424675695
42 32 137096950
73 54 426687022
60 53 629850699
60 13 871383272
80 42 45088247
18 35 60884313
60 77 607114378
35 20 51234395
11 2 160565546
6 26 382670712
6 47 491242554
75 14 884105727
26 22 194650823
64 18 434062959
55 58 272575897
14 32 861309639
22 51 115735333
37 31 816347079
30 7 179812513
43 32 23615714
64 42 961815173
65 36 78462418
26 8 414194434
35 3 352574622
56 16 353141695
78 68 413225218
36 32 619919450
63 54 703206734
46 38 828227480
64 15 328588169
44 61 918980617
76 78 49764418
17 55 991187366
50 29 302329708
48 7 500358423
30 21 464423357
61 41 215891508
26 47 885821083
21 15 681889172
23 12 581554535
18 67 364450010
45 18 148924534
72 30 647451263
55 75 626346615
34 22 181187881
54 1 410426338
62 64 789961092
42 33 991084170
31 18 56090313
42 57 862446488
2 51 389506699
78 18 741264547
18 3 906006198
69 39 294261340
55 60 95872055
34 44 342797497
19 7 606402109
6 55 464398760
43 80 902252625
79 36 908769364
60 25 561007971
70 22 976685360
63 42 673413002
74 47 699083207
79 23 316518695
55 1 408870276
27 75 238642624
72 24 133011062
28 63 13677925
5 20 651426303
54 12 65829505
58 19 210228794
52 11 794194679
74 42 643630725
22 18 907927015
70 56 259205435
57 67 273084448
4 28 649358271
9 1 253070938
26 14 721812967
50 64 972283084
2 15 331563632
48 37 136357103
67 22 940339849
16 29 909134056
20 79 134021222
34 38 465329764
47 31 301227470
37 75 294102564
22 63 246808433
55 80 613039767
5 14 872545849
72 39 68174192
12 28 178974106
56 11 435872742
42 48 750703574
79 51 661058007
52 73 4594450
3 1 68079049
68 18 809608333
45 29 935620071
28 10 813543643
9 69 863417067
59 64 598920612
33 59 350552203
8 6 140779239
45 15 6200632
49 29 156054435
2 71 492839065
77 4 541429967
6 47 566595271
38 70 623891217
64 11 234405372
34 69 146271455
21 7 858488723
46 30 675274341
74 16 962645199
50 33 789782504
56 62 40870968
55 48 749755139
53 37 495155894
26 49 443269264
11 42 340458543
41 19 911763843
44 25 108134180
36 22 569531497
57 11 573198747
15 46 978918784
53 45 829480237
29 8 961368781
33 14 580717018
49 19 35976797
10 19 245201546
46 59 384468091
52 18 402687186
63 33 325309420
32 28 344649651
59 50 322159128
67 80 312823815
34 36 263555635
36 25 358949135
46 30 178717667
14 4 39004269
60 3 728705621
68 33 491107858
61 16 393673248
77 26 844479079
15 9 275653519
70 76 750659960
29 67 27376651
43 8 745192271
79 64 871475643
25 15 561352439
28 24 215732227
60 64 930420483
28 77 770741814
9 6 626224609
24 18 127064069
20 10 731083533
52 57 709997539
13 3 522262941
60 37 304831464
12 48 358071507
17 61 682386991
62 3 842463982
26 38 272481871
57 2 942007509
66 59 631138474
58 66 32552810
52 17 228901934
35 21 159768594
15 33 405079926
53 29 310834603
79 20 872938085
49 18 32650206
0 25400245 853717394 587304519 959452927 414092135 877816009 113551037 68941969 630136263 150674351 244593953 873180971 275029070 866172564 508528387 152434746 797169640 217617934 952512796 114831370 483977731 414466182 309307033 449670661 525381217 833133970 309464210 227654575 915346369 179820845 122332965 567074820 718621165 406169041 314532602 14772250 851083384 411650599 712578573 256324913 65370124 207193125 237659484 189207105 464954953 776770470 337511786 887420825 276375573 816250176 348277186 913654900 708344624 13796652 693992174 456746067 997727597 74050399 235680064 15168882 18051823 263341641 680355293 442876932 935186288 840817799 914755706 693532131 975956147 89256509 779961833 209847363 373255107 198513605 598850024 937972699 790653285 231730644 0 886197402
0 959423392 824345185 711021507 201644626 489461167 734946636 21390646 868919369 846490040 120703721 855271643 994007526 995554369 231756834 447511938 911160234 608581672 161599479 102112439 265809061 564980267 493974169 963163681 184972959 703267421 134932862 949569547 357975815 821140512 84441935 357608446 24315566 563515241 954994178 154976648 195509850 530276290 693732257 503797814 351662685 244417717 821772401 596186004 270380746 114148428 429107306 470313927 913263466 239222281 308035305 741222935 648264588 896099700 818434673 989098596 227044827 0 504604569 2356088 508133539 378978892 914546844 150093928 506548533 74098560 762981672 443986327 315280728 121892437 218546657 345311272 603954220 151942011 843222654 652656832 916363773 381605898 331525163 257312837 534045354
0 857707775 960561866 507855761 344107970 651757155 392220303 29839936 41791726 974799653 809623044 500894378 999765808 962587193 674816772 459471361 593134332 109098123 223751793 673405394 897976478 19260328 35080861 948566992 478640757 621925906 122231156 933200789 497363431 564378296 999728900 190664105 499960630 358347733 320338782 595712013 558989601 914249955 884841292 791742710 52961536 970035299 201652451 897943631 85569766 968023287 714223449 113175233 120787186 276690020 0 911906482 998250227 94085601 970574471 961295585 857552605 451377428 329566882 609976985 382074917 955294546 505776950 256046416 72505499 522737776 611024450 678101766 110151669 428330144 4655483 795818165 462350448 880666753 819221582 431496780 364098942 179955164 676376184 576228490 189078758
0 94156723 587011803 287009847 334323471 81021353 399492033 217156214 429283595 159521878 696762718 525404623 195445205 298661305 21988013 877809383 70416117 75638956 233767447 743543481 82629533 854139305 86503758 727393738 112138005 431789011 132586377 525137302 129793261 504661704 509118759 872573135 509285292 907802726 562317222 390465680 930052138 600781389 589151873 824610417 553851727 8063795 166624389 105280500 722063642 8080568 854398505 453401877 295721409 582484410 0 155096639 167467102 35230148 669835678 726046722 595320847 604109786 613571779 471346402 911185830 810607088 280169638 751865920 291677644 238620974 964584361 649253539 439588010 400796878 888863850 74863067 442258638 466037609 660428126 598674388 973078551 331401141 983109517 12626224 974910178
0 354707884 668017727 954101715 920957096 728566726 878111419 44688070 257026668 629603572 630462562 716773258 267373223 948371069 909789793 363454786 676555129 948558722 569841316 870132329 120221029 659754952 414801231 459422709 0 21992838 214512388 793141357 519230747 34386035 975311480 592383839 905768508 527334127 854499931 999274201 825377227 785127227 79443416 556865273 264515846 375912387 957209631 487376223 730010698 605765061 671613412 56435424 538278105 654188563 325081465 795172003 916288510 162845798 722616222 242629223 426202317 323602841 432692324 381093551 987645257 899793771 407697112 921139387 981461803 981951898 795974695 143384259 658624919 9105095 667651100 348021442 794183540 347233550 6843250 393135270 541053373 203265013 475938574 139942333 501681350
