200 500 5
47 75 431520280
43 104 763991337
44 17 357077548
95 93 31734927
42 18 869633889
124 96 174541812
184 87 644561223
37 142 358271672
80 112 39125364
37 26 701681128
117 128 720429952
16 11 799049062
200 199 608611957
197 29 678781793
53 33 583584543
129 99 865431272
179 97 256730358
128 99 91225150
159 83 398843603
54 5 339215866
6 5 20715263
150 67 651193213
40 14 441613572
198 4 198263121
182 6 645621118
19 7 738373468
50 101 616288196
22 132 442306538
77 31 676635885
52 33 278824672
123 131 792914882
186 136 295372906
104 53 873309996
7 4 34348726
126 75 681874543
140 103 448689719
51 102 750946676
56 36 950712136
118 29 198293251
50 6 730143079
89 116 995761715
132 109 221728940
155 120 490578986
171 60 577362799
41 63 829446885
72 13 606764444
36 17 625907722
154 100 996527098
59 139 316683751
92 74 411676233
141 23 683622921
66 1 538704004
145 88 880795221
200 158 947403262
117 81 827850405
177 158 549802619
114 198 947928606
144 26 549302059
17 8 267306578
144 135 441319191
162 48 86230110
55 173 204796062
61 56 507628925
164 64 774889854
62 24 330153743
88 72 631666950
17 108 786202761
83 25 458349174
85 171 102896418
91 4 505632570
61 26 109028411
170 20 89117157
172 73 176850722
176 124 671227544
193 74 191962572
32 12 620717782
163 159 285934023
75 187 790317274
44 4 249920149
107 131 758935435
200 196 55021324
52 165 294471151
118 90 913573789
76 48 724682119
119 61 833173272
169 160 496649512
26 147 787439523
134 60 210377970
199 160 605567680
185 110 822329654
168 55 201085169
14 7 111416757
122 98 851576137
139 44 293132899
158 195 221288207
170 191 282606542
31 3 458232149
141 165 284261794
39 7 649725315
128 63 781932209
187 166 678837880
75 41 678980013
178 114 511168176
148 133 244348971
131 116 741032166
28 166 288744569
152 85 2352221
73 110 594688698
92 165 149178415
117 95 451734514
34 123 52157167
27 195 268201941
93 32 905656175
166 130 427680199
173 177 405522845
181 149 930813003
80 147 980838653
64 7 54168381
30 4 269842516
85 11 784204831
152 86 781271831
125 102 771556270
199 23 525427686
67 50 683519737
139 77 691264759
90 166 549218723
155 144 1918507
135 183 370960603
150 129 253591989
52 33 762225373
82 72 401899674
163 105 68362518
125 67 271253385
70 120 168860961
150 160 172581959
43 25 864034369
39 85 934423095
105 104 30920996
86 19 942050515
156 148 906301547
175 110 192113578
110 26 758926197
56 194 996833503
161 35 745904646
24 28 247894085
66 34 893223063
40 168 65241627
149 67 73211097
142 65 391129956
111 84 974120625
171 115 457361945
28 123 878036694
189 200 855060278
63 13 213581979
181 49 631111015
200 118 752905381
130 68 35319984
192 126 789377541
92 74 444019228
56 58 485285222
5 192 411509924
158 124 881791929
44 147 763675478
173 166 749827454
71 20 625584387
181 136 737318586
59 155 881209315
39 190 913323528
180 45 998087402
31 25 186397126
2 197 443207225
62 1 133094853
162 57 782744858
161 78 776883905
75 72 230571526
56 24 770622668
166 13 819927868
80 136 658772569
143 55 825522803
76 164 944313024
153 111 72519357
140 165 756955701
97 108 325265611
63 60 6211560
194 173 538351024
198 84 219427876
48 109 350037999
121 93 571850603
199 132 117646344
4 3 677827961
80 62 423647235
28 26 585898961
5 2 75081927
122 29 431179029
90 140 460829959
166 87 917361324
183 47 639514641
94 86 955654756
11 2 171555287
162 199 604287909
107 106 606965651
173 17 228369394
18 73 359743603
85 47 652409990
55 140 570440186
8 52 684297297
30 36 596330168
174 102 158282364
185 35 508703089
46 172 964860490
198 34 91829331
155 92 55568570
55 45 119397649
172 63 723518126
160 60 703522919
30 110 586407571
42 177 114828920
197 15 279597354
109 76 851846244
87 48 485401846
141 130 274309417
166 16 217292124
15 104 301920123
36 53 528843738
11 3 944386554
3 1 911824045
55 122 683660651
45 3 337456792
84 70 176692615
197 35 394227115
33 31 766718234
79 54 832125558
63 117 276067480
90 80 628631563
151 119 862083050
46 34 457650720
70 4 106074549
5 198 219881770
41 9 940133248
176 139 76004880
167 134 549469620
138 97 721032336
199 190 126106374
151 39 816822854
195 89 468145656
31 68 718270897
186 142 927307967
42 91 16685481
136 78 679018906
151 65 906599418
60 16 867990089
147 72 607685128
133 71 831696989
8 7 785654848
103 79 451924984
93 37 204045285
114 15 47477852
96 38 625159112
11 152 292346398
21 180 537443420
42 37 687681276
125 147 165562295
49 48 72975145
87 77 433867431
182 44 954425349
15 7 874486225
12 157 513809951
106 171 405293060
112 103 268021753
2 1 407111138
198 128 323458880
101 71 146603340
147 186 98761959
87 118 709771960
173 187 776612829
54 175 470084783
89 122 43869075
147 173 627338030
134 189 869014442
21 132 916990867
157 113 71805791
139 45 932888306
39 14 162785052
62 45 584917711
58 188 505787706
34 145 762638109
57 56 754929347
54 19 287079296
40 195 486645516
120 76 597038313
103 75 947714552
79 122 86869423
73 61 104995330
95 38 603319491
69 53 600130048
113 62 467303223
93 135 569467444
127 182 968369588
111 122 630333342
25 10 892227191
199 97 496182667
36 37 869256140
139 38 592034896
22 5 595171824
197 20 529516982
59 11 593173743
6 189 549928873
68 9 470900178
151 8 632458082
14 41 230410501
34 168 741038702
62 28 108481271
125 161 35093852
9 7 338527731
174 168 458555006
99 10 826205389
180 48 308033667
45 48 906110959
144 164 908488924
149 18 531704888
65 16 81027389
146 133 42433862
4 125 61940169
61 149 664004223
137 18 811331698
108 4 95086252
130 56 135260884
97 73 222452365
187 49 451197625
48 142 420367576
133 54 553678693
153 71 895469212
44 190 811836318
80 56 236389429
126 108 699323025
157 166 459457888
27 15 639653828
38 13 947578577
88 20 992927055
117 106 188970492
81 73 442439047
196 99 900779688
193 5 555734191
24 32 405759271
148 63 272527347
86 57 774338970
28 26 586142759
158 17 288842972
179 19 820945343
139 77 406949563
143 182 67344183
124 75 732447463
86 110 215872137
68 156 758261749
136 3 337016383
170 86 591104217
32 118 250499423
48 40 982136547
154 38 23180810
173 88 358439218
159 74 660989267
178 70 339590304
172 63 987269156
53 184 40963780
3 64 667557882
116 89 610585224
94 46 31667791
34 170 305502504
100 69 824656229
147 189 408764960
49 45 439556059
29 21 879212042
145 174 820095110
58 9 737000241
193 54 475804993
111 58 391969737
24 8 306730541
42 178 229988659
14 77 827955978
135 13 669767842
179 145 175475889
31 61 887924156
123 23 781287425
77 10 959722852
110 187 571418086
13 7 606867398
93 143 959895752
191 126 586806315
115 84 231784477
23 15 818898778
47 88 29506120
50 2 323876312
84 23 908175437
139 115 318793468
62 57 84310114
93 55 708644843
6 82 504236121
136 67 18105491
195 35 117156843
183 78 804470199
193 55 139927229
47 12 102483513
105 157 904066401
131 6 400832689
109 183 29938923
148 24 57664844
24 157 48851804
125 39 462389196
40 200 716054859
132 111 840759511
18 3 678895508
157 19 979227892
83 56 830648025
108 53 412914865
193 117 331625217
139 5 502172665
80 104 209755119
127 5 569045703
71 3 736594996
106 7 238440850
190 81 883165291
51 26 715408039
190 151 887054131
31 151 930698655
179 188 152994879
35 135 63449374
157 177 432366828
199 73 631908313
187 41 685262743
15 11 819177173
100 20 341504463
24 29 741968442
7 160 297350369
190 170 623640258
184 35 7855285
89 47 610144670
188 37 129705802
20 17 130132588
113 111 365467820
107 52 851656117
156 144 163679296
76 116 245188489
98 61 144983153
105 70 516047374
162 97 841877983
78 68 822813804
162 74 690818851
182 131 802585485
149 70 836230266
168 14 818092251
165 83 779497034
10 4 210688681
133 67 484322417
132 90 252282002
84 132 580992640
100 67 869411376
182 20 439467071
21 12 911894143
151 173 411284167
185 122 288608539
74 15 866818417
137 110 940005434
53 106 705061661
179 98 9594409
190 160 281962889
78 102 221707610
168 25 262032767
18 75 802518521
58 11 880829233
64 130 456872866
128 152 840365091
96 68 480659506
12 1 695683316
169 74 334969792
71 29 538255283
189 61 502267180
35 24 275281367
147 195 600891563
102 51 405244009
20 152 649200787
26 24 933308477
180 49 990827776
6 18 276350266
137 51 256075375
34 17 359588593
147 69 735492722
19 175 531586403
11 171 844738757
200 159 628739721
159 142 113015218
79 67 593880474
56 34 770336510
72 185 864503274
59 90 964596098
32 137 606750491
30 196 312082196
3 21 179251268
61 131 181487336
120 30 81697569
177 122 752349072
544927418 770831982 467433005 396733730 655588845 748646382 948386979 833443493 878640889 58107965 306439086 102284280 860348067 593497054 693751524 502913679 569167962 602766430 44168807 795306953 654437836 928131413 361112028 130452960 100441817 636380897 126005489 418898425 375400160 491859155 582749994 704067936 769259609 441523072 331207973 495312747 509351765 782340722 155572877 628123618 508484733 272816569 379581904 375413338 127945817 367137501 756279412 21024900 532484554 390608461 153318630 296209567 237266123 559876222 240880423 121055184 257354658 977737274 67344577 229951545 224032244 199359799 392607774 323707584 240407356 293129499 953099880 739385656 119805795 874886922 144393568 404000197 684481749 271063417 589460266 175191086 420247420 36872926 750639836 335965152 390743152 894956920 901986113 646769216 868570517 557992628 955846834 88375688 974622108 765375243 43040972 627156524 215429367 902807689 925250932 42275926 869020052 911814247 244027415 229469992 277537641 320823291 871974533 714358097 907017102 155179455 277478908 216539449 959912126 536756851 23178353 11300378 719022735 82268798 344349320 91011927 448839252 487101702 376494232 296206707 915186546 561011280 870423945 528375337 42630169 800009351 881001867 923254972 322548546 362203462 407687617 593377481 170692193 700390440 754327168 748801602 128283268 309946093 314648242 498444556 127923541 319389821 248777102 170155910 311299827 323425865 670574834 210118308 807044412 180815691 335516029 227424281 396609859 356112279 27053146 74549739 923462207 21252246 968677097 107790068 907684982 132511100 585740613 43338069 975142574 138726149 135141671 806324606 700370777 569583036 140368844 141759469 936220871 953246678 691152882 128866601 876225755 421566064 831604955 344328017 690331733 282234911 822637928 837708079 750000804 738808458 988804070 113615738 651802605 51335811 92560455 954685903 468869646 335144505 802400844 503462179 460115762 912702256 832007715 283414521 544347265
595620266 648727484 545235384 635814382 971435425 911410738 26402882 794765121 122666955 924704890 424607004 66508815 220100187 234101288 907690519 38451294 244998672 981429273 411723123 386339923 482955440 593214898 233634317 416105066 892501693 521536154 928252275 712588753 420190933 431286417 372638249 82356020 546721126 316136535 272736914 504271770 703291801 108449615 824852579 154674697 860826508 499762911 327311987 939095074 49066294 642863213 253988393 610942965 255792202 663642801 592193505 755131495 185892887 180771611 765596680 64064423 128685477 288185153 486849885 472963635 460820158 291083606 667110163 976825233 735466993 905505307 565690193 993450055 999478868 266738470 928980380 326912517 96896840 545814773 375296360 765013784 196453466 98465861 934875458 808644957 222812387 418347149 546979071 187322644 6634295 192976538 632008290 366386504 363130421 414992231 558457794 212182707 245974054 124900021 33117532 492792282 968332086 549114698 603036618 958862960 514491577 482988612 297995563 120378456 772658926 906065385 967398168 936332133 718061061 760016553 426862215 678101344 94017212 926044671 459998504 399813827 343720745 889890702 970556000 72495434 282133496 536851272 790852476 953295378 292462302 611700882 379257284 939523545 609673961 433025720 972882840 170670453 721372189 724199124 116572589 945821318 841664041 472052016 971730877 208890233 52519270 91282003 409350412 455997135 929513387 614788623 436028051 59977650 603608505 332610661 46376751 306991619 536688107 961728588 222226673 986120360 229340113 921674303 854438860 807033323 673864611 395452175 805751724 487039364 188370079 405976377 343473812 361003875 737748746 186991752 394466540 58509308 626442895 726073381 2377081 613388168 90768412 806567443 978788117 127030962 681548772 610537992 628148348 290664973 695175596 183411308 119605845 848370292 513336832 992748577 838203841 594802591 101060721 492079346 386092365 960408289 28051994 823588120 768039725 215115830 758047076
283703824 933994643 159478630 666541903 245689171 755084694 182342831 335923208 706747912 520831404 293535975 105370343 322279722 293423905 981300057 429533096 458009589 971618871 718070490 953567967 974264075 236370029 976094760 299863003 693037640 48693287 39812567 699292413 343663936 952945740 797222911 418136770 867385302 333127134 979853257 996635709 302962214 798666692 625095582 441768894 563118190 200255511 258019729 35198044 561897593 402682464 393623492 513557062 916694132 913496997 993763197 423092144 116119278 109823011 991500022 663371272 168262032 618885249 427480284 286029277 732377040 968545485 589768248 787778607 471854488 763144139 975335437 988065942 842081856 717272096 363307660 304396527 910896189 65390524 970946904 82437790 785191534 925408058 542353356 983895246 102479582 602198410 935958092 341785428 413238383 136577953 611064521 757352446 913822422 489351111 115377886 915264768 486460088 737698880 52280068 43009709 19085991 514675463 171066564 885039079 113536384 585745591 251866153 754262880 110913163 859160340 285229612 86975522 388097759 545292243 647276300 32813023 707207978 601847705 64760790 2887484 967321014 220102109 772213426 991499452 5428161 154903844 621428191 580880598 830669753 46698716 269455445 939272345 855303817 660681374 792923192 138162912 778306526 328238567 16390066 969567122 359008319 143448054 928775693 863302464 455228507 155389446 886175340 522325131 533170621 467171492 710572092 821012636 110237559 817138435 590603345 606789552 101834149 42328914 480278541 457009066 512875340 264399673 536357459 848971133 652117786 474112029 236961114 467377191 490620155 723434188 451438860 507322360 416962626 722394508 241149160 616445559 575349125 263932534 522514791 257315179 223609385 294157581 330587182 544144198 618047331 857486375 63927521 844967820 8107020 598676573 218348546 317925850 585769821 369066548 411698184 885352393 450463088 329554602 371980055 960140828 321772855 583011569 303369049 383010387 696416720
576649552 475148257 449911575 610030259 897436141 862800987 682247870 60945482 148400037 925522465 45379414 22467295 462575552 869230483 225400664 45660339 325835170 29675068 936161523 38057062 473999202 688561200 736127266 520347485 60386235 63010319 290743510 678481630 190227589 421409813 181700906 276103319 32561411 222367159 212153505 344911963 866121085 448122760 383846850 208030248 537428057 892900340 405073344 745644891 831277470 834309218 463738076 737504434 220813000 930065639 38363275 56858775 470532267 3613079 176050024 895458108 298138882 805096595 665950299 551521270 911930538 873631844 486052807 197807633 616006469 132760217 169506681 24823024 976582911 476169827 861099001 910138806 723569698 709890278 393802340 533617439 407369693 499029321 784249221 659076404 314993887 931094301 819849875 500953157 552339196 447521804 328415761 218645910 40059612 931214972 8782972 270683436 594893855 340821113 817737431 819412594 978444078 316050871 955538245 712942510 846510932 735046687 74180706 104645790 152197053 458682810 890302185 948181663 489268255 541989438 125514792 665198694 657639462 459519653 513493682 1147771 106935566 99463502 454207106 843388549 117782128 256355087 752236800 429965116 716980060 915820331 686933978 662675870 248783944 9356126 885769076 467094587 57210476 443851752 166524681 269456363 352251108 545558671 24223256 716794646 796362819 370077759 212685422 422218399 904665526 650670501 447342339 340185676 807807157 245818548 817320199 688591170 428015088 240338552 878462241 717492655 995630466 963150279 622751239 368981030 124699745 461604054 37497561 388370965 11882008 605141664 423226493 963463371 88928671 950297676 880585185 793533018 729667700 32131050 613877074 995603108 837682517 358824957 140342355 952256179 499924168 603281625 135707974 190910396 42708409 771151064 969947798 786637581 560409139 60680704 611633083 93705341 802878221 123272286 489124041 229537366 171264387 88829032 322925654 878798710 582581748
75189203 323360864 542217950 398976018 82848694 94774946 294738443 605288724 584002125 808678352 427792905 234366336 618426608 479008756 406221570 955313434 482757118 209943861 393960939 996145068 642655030 253194164 885337331 371652659 664283746 41886484 997987803 551787517 560911998 629313275 732106039 566621529 131155445 401992620 349499323 925585595 166609642 282427290 814837174 139012975 646533542 337800119 127102275 640757409 143833009 270253373 427452207 965138082 529284783 672295190 839361154 193106205 603160353 410312539 868041690 6379025 793397479 376571375 260294415 757174361 18206736 285155121 577339249 788828923 597603962 275839945 998796063 503702032 981466338 250445016 147674399 285810018 18894402 636235288 924327016 13215238 877684800 646483730 901808484 825017113 608586476 916969500 865603210 932486768 276068000 973213779 569159668 201598374 900485980 782196314 461835713 186949539 159991949 620803316 491240886 60824777 556978201 402534962 442294276 505589615 481117870 474569564 440822216 64111312 863191302 600245064 967396133 848857316 497702998 40822529 948822193 237303344 275397240 470715543 949876025 296494558 868936479 972496890 710693713 606536787 67104027 65322942 798487122 193798900 92739140 602429924 334337002 275858026 649661861 560114513 941191310 859837471 84785243 635579730 970938086 584487846 381720821 548946066 850576709 390520297 695226336 140693220 225214059 348389062 685175240 817984565 222491345 834625323 936415328 469790605 80744745 759734949 536161034 802669801 397442290 564834693 423595894 148006247 469647096 816508476 842013464 896988247 412645639 586170183 904154579 16987295 884745916 649767812 300259084 387885396 679329221 27254713 118184620 499118981 788702002 891355323 794480042 83970063 832966766 275726282 329325338 863342136 965274934 784244651 928856471 557201472 370640242 493048620 395034187 266857641 578799025 959580651 532595670 207710045 801390304 498027450 859608317 548401933 71069115 447963168 71490970
