200 500 5
62 24 330153743
85 47 652409990
28 25 404163353
110 62 672011798
12 157 513809951
141 8 632458082
155 120 490578986
114 6 640729531
59 90 964596098
191 39 510991048
34 123 52157167
5 198 219881770
199 23 525427686
122 66 258241319
51 102 750946676
13 12 571850603
166 13 819927868
125 147 165562295
105 70 516047374
19 13 459921984
153 111 72519357
84 70 176692615
14 4 431179029
82 21 685262743
169 85 934423095
173 187 776612829
92 167 622867104
126 56 840759511
174 71 120022321
19 3 412654965
139 115 318793468
156 147 788627546
157 98 889686726
28 26 585898961
21 1 400832689
155 134 792535068
125 67 271253385
56 34 561235460
18 73 359743603
174 168 458555006
163 44 795949655
47 43 600177208
90 140 460829959
70 55 192113578
134 92 219121104
51 21 398843603
173 195 272205261
193 5 555734191
3 21 179251268
94 49 496182667
191 106 188970492
199 68 432194912
6 18 276350266
130 106 358005282
187 21 663169460
39 190 913323528
46 172 964860490
8 1 702525582
134 56 148467502
51 78 35628635
52 165 294471151
133 178 127121264
200 159 628739721
44 18 895469212
175 129 978352608
12 163 259068073
158 195 221288207
23 9 484322417
100 89 891669962
182 145 904783177
78 39 804470199
81 68 295372906
173 177 405522845
85 80 281962889
190 170 623640258
61 13 558171894
140 165 756955701
195 190 126106374
17 10 462389196
89 116 995761715
170 191 282606542
56 34 770336510
63 110 46612107
104 36 9475309
147 69 735492722
179 19 820945343
197 29 678781793
30 196 312082196
136 3 337016383
60 47 63236393
137 110 940005434
157 113 71805791
43 22 781271831
185 110 822329654
103 81 35093852
78 53 615362991
123 131 792914882
125 131 395029493
111 82 582423499
197 161 750826560
83 56 830648025
93 123 853767429
45 48 906110959
161 35 745904646
29 22 668809912
31 9 430073439
118 19 204045285
186 162 200561347
53 184 40963780
27 21 75067251
174 179 119172477
47 88 29506120
54 175 470084783
31 25 186397126
115 49 256730358
31 157 745900974
105 88 661466812
198 4 198263121
128 63 781932209
117 128 720429952
84 132 580992640
42 41 270373454
34 168 741038702
200 196 55021324
58 188 505787706
22 14 221728940
187 166 678837880
88 20 992927055
98 80 605567680
36 22 880795221
118 160 954488314
71 70 76004880
178 73 457975146
95 114 939728975
132 90 252282002
144 98 166569308
6 94 838376513
15 104 301920123
18 2 569045703
63 43 54971255
30 29 181493477
59 49 346454129
124 76 907325870
58 16 774889854
72 66 289601425
63 117 276067480
180 49 990827776
37 142 358271672
150 129 253591989
89 87 538351024
63 60 6211560
121 50 391372591
80 136 658772569
67 30 577362799
80 112 39125364
151 109 291952993
194 38 603319491
133 71 831696989
29 165 533623530
89 67 979595449
32 118 250499423
187 49 451197625
96 68 480659506
42 178 229988659
77 10 959722852
32 14 544034094
153 36 859762661
136 67 18105491
33 17 268502129
6 156 414492955
200 152 292346398
39 14 162785052
145 86 591104217
137 74 334969792
198 172 303957454
151 119 862083050
143 21 75934624
26 20 323045139
40 200 716054859
139 38 592034896
89 122 43869075
75 72 230571526
84 166 645235807
17 46 127840622
44 147 763675478
131 57 774338970
183 47 639514641
105 157 904066401
3 2 851656117
190 81 883165291
65 60 953934616
4 2 412914865
39 34 244348971
24 32 405759271
35 34 441319191
160 57 384525134
108 4 95086252
50 101 616288196
42 91 16685481
85 171 102896418
46 36 1918507
180 117 331625217
155 92 55568570
164 31 632332145
124 99 349299824
172 63 987269156
92 113 41734407
17 155 618751881
34 145 762638109
25 7 54390173
44 17 357077548
187 123 35152587
14 171 482913736
142 79 509939510
28 123 878036694
76 164 944313024
66 10 89117157
189 147 779981030
162 199 604287909
17 94 536325981
37 34 42433862
24 23 248760194
10 7 240679011
38 18 607685128
76 68 737318586
170 35 117156843
40 17 73211097
110 187 571418086
171 115 457361945
133 130 427680199
45 10 23180810
176 144 106782868
111 58 391969737
48 10 978651783
50 5 288842972
132 17 884357321
62 33 924489679
139 55 839424560
20 152 649200787
152 85 2352221
198 128 323458880
11 3 507193467
159 142 113015218
149 5 339215866
48 133 319647136
127 79 695952631
56 194 996833503
52 33 762225373
92 165 149178415
137 51 256075375
61 26 109028411
79 14 463593154
72 185 864503274
152 120 168860961
77 10 439467071
124 75 732447463
188 74 660989267
11 91 645606678
181 107 440685630
58 11 880829233
141 23 683622921
190 24 487968876
148 20 223228777
15 7 874486225
192 200 955855909
168 144 160771885
91 127 201941497
179 188 152994879
181 39 152403126
79 18 7855285
199 43 43923770
173 48 308033667
86 63 586806315
158 187 488305004
7 160 297350369
100 67 869411376
68 156 758261749
192 133 224880800
26 147 787439523
126 108 699323025
146 20 529516982
90 45 468145656
77 24 518399475
11 2 171555287
83 19 129705802
121 3 790409898
150 64 543680141
166 94 360191078
34 24 227596862
11 131 465703969
157 177 432366828
30 36 596330168
55 52 788808106
177 122 752349072
59 155 881209315
43 104 763991337
41 63 829446885
12 10 597038313
144 164 908488924
128 152 840365091
100 20 341504463
49 139 14697641
16 12 174541812
40 195 486645516
30 110 586407571
193 54 475804993
18 75 802518521
113 61 508245577
162 73 631908313
168 55 201085169
3 64 667557882
177 131 992707636
181 149 930813003
53 106 705061661
108 80 854267283
84 31 502267180
87 118 709771960
21 180 537443420
171 55 722352555
113 75 73684362
76 116 245188489
182 6 645621118
31 68 718270897
116 75 671040000
61 131 181487336
107 31 620906278
109 183 29938923
21 132 916990867
162 57 782744858
2 197 443207225
5 192 411509924
86 110 215872137
4 125 61940169
106 171 405293060
167 124 778567827
125 27 551492958
97 52 831617420
53 45 323598303
93 32 905656175
159 80 232099527
183 131 484936452
129 22 553177221
144 127 710706052
179 98 9594409
178 114 511168176
111 122 630333342
140 137 962041686
74 21 869181142
161 74 411676233
173 17 228369394
89 73 132588082
149 70 836230266
35 135 63449374
163 130 223810570
118 90 913573789
56 58 485285222
154 53 528843738
110 21 152581333
172 49 751937926
34 108 120537619
17 108 786202761
47 58 596059429
200 158 947403262
27 195 268201941
6 82 504236121
117 81 827850405
80 147 980838653
147 173 627338030
197 161 953730463
75 187 790317274
7 4 122180616
6 2 520047475
158 31 254659426
90 166 549218723
9 4 743119292
117 137 681199790
8 52 684297297
163 105 68362518
95 59 752905381
185 184 162943729
52 15 703522919
169 49 769456605
136 2 323876312
59 139 316683751
34 170 305502504
188 39 336671436
92 8 279597354
41 17 651193213
40 168 65241627
66 5 343850229
167 147 817382416
123 1 133094853
56 25 841877983
109 77 415394176
114 198 947928606
184 87 644561223
130 56 135260884
32 137 606750491
193 55 139927229
25 190 218493495
75 23 998087402
107 131 758935435
197 35 394227115
10 94 182994678
145 174 820095110
101 167 27618039
5 2 758926197
128 55 897699515
88 37 191962572
193 133 394935279
93 17 91829331
64 49 670405314
196 176 518704758
68 32 723518126
179 142 807800102
147 120 124686200
91 50 900779688
138 88 358439218
66 34 893223063
80 61 288608539
14 41 230410501
148 63 272527347
148 24 57664844
113 111 365467820
117 21 387017007
48 142 420367576
106 62 881791929
119 151 909655496
186 142 927307967
11 171 844738757
119 61 851684248
48 109 350037999
154 118 931723239
103 63 636401205
139 77 406949563
156 148 906301547
189 200 855060278
151 39 816822854
166 87 917361324
114 64 749202404
62 28 108481271
96 24 311961111
180 11 237366700
89 132 478901555
150 42 475317336
182 44 954425349
102 68 523508900
20 9 35319984
87 63 789377541
65 78 972358394
79 54 832125558
15 3 781287425
24 28 247894085
184 177 326870051
91 118 705246668
125 102 771556270
112 23 932888306
2 1 977924683
185 35 508703089
139 77 691264759
101 47 564482432
87 48 485401846
139 5 502172665
185 102 221707610
36 37 869256140
80 104 209755119
28 166 288744569
103 75 947714552
165 25 262032767
93 143 959895752
135 183 370960603
69 51 158282364
118 14 99557799
42 177 114828920
199 132 117646344
49 48 72975145
181 49 631111015
49 5 979227892
55 122 683660651
99 12 121366693
106 169 459289555
135 99 208731628
97 108 325265611
57 40 285934023
54 47 919012938
127 182 968369588
51 23 395039895
120 49 851576137
24 157 48851804
182 131 802585485
200 199 608611957
162 74 690818851
73 41 605329554
191 124 424939544
13 51 526097246
62 45 584917711
14 77 827955978
102 186 428398067
190 151 887054131
141 165 284261794
0 860826508 939095074 0 0 663642801 185892887 0 128685477 0 291083606 735466993 993450055 928980380 545814773 196453466 0 418347149 6634295 0 414992231 245974054 0 549114698 514491577 297995563 0 936332133 426862215 926044671 343720745 72495434 0 292462302 939523545 433025720 170670453 116572589 472052016 52519270 0 614788623 603608505 306991619 222226673 921674303 807033323 805751724 405976377 737748746 0 0 2377081 90768412 127030962 628148348 0 0 992748577 101060721 386092365 823588120 758047076 0 0 0 0 293535975 0 0 971618871 974264075 0 0 0 952945740 867385302 979853257 302962214 441768894 258019729 561897593 513557062 993763197 109823011 168262032 286029277 968545485 471854488 988065942 363307660 0 65390524 82437790 542353356 602198410 341785428 611064521 489351111 0 737698880 0 0 885039079 0 0 0 0 647276300 0 64760790 0 0 154903844 830669753 0 660681374 778306526 969567122 928775693 155389446 533170621 821012636 0 101834149 0 264399673 652117786 467377191 451438860 722394508 0 263932534 223609385 0 618047331 844967820 0 0 0 885352393 371980055 583011569 0 475148257 897436141 60945482 0 0 225400664 0 0 0 520347485 0 0 421409813 0 0 0 383846850 537428057 745644891 463738076 930065639 0 176050024 805096595 551521270 486052807 0 0 0 910138806 709890278 407369693 659076404 931094301 552339196 218645910 0 0 817737431 316050871 846510932 104645790 0 489268255 125514792 459519653 106935566 0 117782128 0 915820331 248783944 0 443851752 0 24223256 370077759
0 0 447342339 245818548 428015088 0 963150279 124699745 37497561 605141664 88928671 793533018 613877074 358824957 0 135707974 0 786637581 611633083 802878221 0 0 0 75189203 398976018 0 0 808678352 618426608 955313434 209943861 642655030 0 41886484 560911998 732106039 401992620 166609642 0 0 127102275 270253373 529284783 193106205 868041690 0 260294415 285155121 597603962 0 250445016 285810018 0 877684800 825017113 865603210 973213779 900485980 186949539 0 556978201 505589615 440822216 0 848857316 948822193 0 296494558 710693713 65322942 92739140 275858026 941191310 635579730 381720821 850576709 695226336 0 817984565 0 80744745 802669801 423595894 0 896988247 904154579 0 387885396 118184620 891355323 83970063 329325338 784244651 370640242 266857641 532595670 0 548401933 0 0 0 901633666 493188101 464169600 669568257 627237891 622232975 196871743 726806517 57924696 538472584 432983760 829356828 296099237 275379703 0 725873457 9180044 862001301 732038131 807070764 769070965 468956961 0 297358686 611871012 581231152 0 333128593 328641891 0 374446949 641814821 67699063 455622793 0 0 534252471 613528890 681512914 116584446 497973701 462599635 0 317344604 836375777 428844530 704850531 0 0 854269869 356237135 0 667817514 992595930 0 703611637 0 0 283011098 881178515 429880200 418299635 123652253 70535186 0 451471633 255982864 357257720 690127968 440228327 823327223 0 0 0 0 604170816 370821862 553021876 766478802 0 0 476669635 729174852 816767279 704628522 81104459 0 874209111 350727897 0 272708059 402561585 975430644 0 0 607835488 170035404 307443406 452475481 10297002
0 551173395 127119069 0 166433214 982810867 518960167 796467032 90844794 46077472 405560217 373573530 639265949 360358550 652046084 398904404 0 0 540049693 724471059 0 0 0 145840966 809394587 949467266 898568424 738330265 739282651 496666041 0 0 0 204330767 0 0 0 462161418 512054693 941479491 465813129 741230453 784663114 886974983 909127854 505135762 356895627 0 557754079 0 881367687 262304839 271972006 381276771 732362450 702844233 0 0 38846652 786357693 120735465 0 168753966 0 839098301 894354004 427526544 0 446441522 33674434 347852657 381478309 559347632 0 673814067 816133037 0 236433876 67395500 655702224 104611090 961053683 224306273 114938581 0 354354995 312943027 0 343773110 550545366 918125651 681964372 259230501 916698393 947260848 0 351378617 0 0 560414127 0 964757512 0 159267608 447894133 757113031 0 926828007 178601287 0 32416117 240074584 0 951791506 0 126688819 548532591 319040366 554034033 0 0 0 583474429 318815728 946679416 556104433 0 0 0 987553258 721722538 853541695 427188906 155541795 969652954 460933575 0 716685391 356598828 99828990 359444616 892888344 0 340891397 755024120 375608324 185211437 875857101 716988700 172165229 463908716 0 0 77013830 758228227 713954169 22184057 836745546 0 0 655986647 0 735664104 879114142 205017814 230529990 202630922 987970620 0 0 0 0 249483885 612631977 101787903 439225280 434060384 106409639 556972650 578109373 974091879 0 222250498 509021416 0 605766132 345904857 312346968 716820280 0 215229002 43088856 456215208 929908141 749987827 336803753 199861621 200487742 153816644 934487827 523989972
0 494772057 992760819 0 0 0 0 713281440 824546980 0 0 352253566 270640328 22090913 574730569 0 527027898 844593180 585914267 21393311 0 954951815 660711587 0 0 894344787 0 0 504885644 543424656 0 636186429 0 268179592 688448313 289160379 355375066 0 639580438 256761351 855381641 0 101026325 3708794 419678252 80735092 362584924 792556468 0 0 0 0 0 0 776274662 412762245 101691062 644855535 785462458 507051456 838335572 568293958 471999047 306038236 847046669 885931810 527780207 0 420121918 738458236 449326534 0 812050980 405303967 464709034 707815392 299120168 0 0 0 772999782 817580101 0 0 324668294 0 650085787 276712804 616003145 0 42624441 0 860908611 0 678684598 997788549 814779140 620435710 332848474 0 35193685 326438583 992752306 47398912 937836550 667296002 0 50421259 93201012 854303650 0 158960994 0 630421100 505774587 589635744 0 934946235 924528910 0 8804687 426981386 181422636 0 531393103 0 0 956661633 706029664 566834682 989228925 822897598 576216678 0 567760933 718604168 0 571499323 214533939 444906301 843768132 240085246 760093948 767216097 0 555637318 190642910 880965716 517722346 386666762 299916431 481980578 421651739 953654466 0 277935104 699433256 0 363774751 871251790 771490986 0 832731371 89322129 0 0 886480675 66814902 230643327 698833461 357817039 0 0 938540927 549037809 0 0 367868014 0 30518679 179691333 383356515 102912659 828018062 0 362661942 408483952 335879961 248499050 0 0 198166254 553883438 79217540 988307176 824284166 252546133 620800699 0 108750335 725956532
0 112999034 0 0 319506124 490847692 0 0 0 0 0 98604640 0 418823076 0 0 714179232 614735044 215296761 0 921050818 260692473 218177149 70581920 654986513 734621806 905136905 292665764 960751077 287950772 596625167 555600753 114398015 659033772 568880163 511861770 411975450 0 0 0 159828637 204780397 919234619 202722266 644274709 531623676 216607429 131705369 0 0 345005874 464517198 0 975610687 58418508 445878011 0 254032070 558303532 0 487465922 0 759416768 568743835 0 0 534999088 75164391 0 203114239 505518544 0 247969918 230418174 0 902909541 55755325 273661543 0 185674714 544133970 601475248 55651741 351818757 0 750684634 9868197 9650448 0 0 510328793 128715600 995243722 66327823 929974552 0 922569779 435705641 0 0 741851714 897415860 343346173 523571023 287228741 837492001 105306712 153310665 398682973 741141918 242553199 0 478449151 0 100051855 988082293 347711319 503230296 649882514 456450825 771176853 0 144162471 0 830344250 166506163 241508376 736800522 598103063 0 771871285 821220359 574813857 724985173 0 275361813 0 967965441 700347920 462388264 69108885 0 515071544 0 522428742 0 0 569880990 798465135 468181386 461077676 0 480511647 814209536 19719152 744179023 707917557 746946855 159100169 494217497 679371710 0 456528466 455625643 522511938 0 974277862 603601241 711119640 0 0 946744537 0 283516667 382705788 169011285 0 301475417 0 0 0 0 432212562 504581219 28873762 167756056 0 0 0 216780310 0 58259265 498946638 824399802 996558173 0 699853581 95512311 551435569 842467132 498871660
