500 2000 5
409 335 320973830
278 338 370776775
293 15 332102700
394 360 630754693
226 11 294839330
351 219 608658913
136 302 755113136
178 364 975758400
163 239 413572660
315 415 136774950
268 204 976377456
235 149 983122900
467 30 531155621
136 37 410625091
349 309 878469065
85 39 52622372
466 306 445212019
309 234 219300117
252 117 703522743
500 389 385597578
61 19 166074190
397 281 494689293
50 10 623001992
12 390 342005540
195 5 221928018
270 103 131986123
390 321 168554303
154 4 442857756
217 122 492183971
66 61 677821653
366 85 494406205
217 312 381436262
458 402 136756807
345 434 292959565
340 334 826987214
186 158 911763413
150 430 344700082
97 249 937022552
37 240 98314833
312 197 130709820
44 128 282180766
71 70 22951989
171 60 157238152
58 36 424032278
111 126 443272553
160 20 842594483
256 233 860662443
137 315 11633270
105 55 390382182
406 477 901870520
45 65 202604919
209 20 484432831
395 410 258004554
414 119 939831945
211 56 723201287
24 453 339323510
354 21 136240556
174 9 584454641
353 457 634706517
183 369 777561293
273 380 579147076
158 446 430924260
412 91 297714158
176 117 633103217
422 65 309946768
107 402 489213361
15 317 632883501
296 82 283931101
57 322 985403698
242 323 148425883
431 55 596032162
131 104 135156445
344 343 138359707
332 289 374643370
218 36 847048954
192 63 228682323
123 459 357872896
206 107 379243062
353 442 297097554
495 154 547503018
408 312 181696427
250 263 326172599
491 410 64870903
452 363 414813315
135 113 754900926
83 23 364840728
91 386 475984536
71 166 297773610
442 255 886310033
436 227 644317894
357 498 294890963
32 6 78671253
130 61 38733248
216 143 799280795
72 287 510360712
350 176 158180596
291 158 851676868
40 84 252483096
130 246 373770863
440 45 2192697
353 47 971982861
422 117 656746076
385 92 382144677
407 39 575910223
208 100 894148042
68 82 353857103
325 138 864767350
55 2 103070458
191 267 751810255
243 354 317223386
31 401 418770553
199 87 310806296
208 189 8854332
54 329 483427330
498 93 806314049
372 290 307662663
165 217 764101352
258 115 362130347
299 360 87645601
428 458 52848490
51 151 565374188
178 7 171725487
44 461 121322118
336 118 621604414
278 122 97967827
390 408 433602456
125 77 245431650
66 204 614371024
109 56 537217718
129 242 846792072
221 476 330775424
479 90 685010970
183 35 706312905
472 141 497388596
351 354 880454880
20 362 348954001
394 178 173013612
399 462 295238313
232 78 346936819
309 469 781609753
131 410 448333494
179 232 872896355
349 91 820298134
112 120 239247992
86 457 353699906
210 70 296030703
260 37 61924655
496 76 346670767
266 76 153553705
176 46 776849440
432 89 851122951
292 203 583171334
310 4 254021180
494 25 844033609
145 245 689304822
130 71 66070896
316 11 186762113
29 311 886588292
277 105 339348960
450 236 519758720
358 209 253481216
222 382 396221099
342 375 935826649
109 313 503111953
89 30 107052425
462 322 485601489
264 146 505584877
90 430 569167751
15 208 72462512
308 380 508627169
267 102 155416350
297 417 21903140
354 161 850570564
157 40 454693998
445 255 570565559
124 38 279023819
319 8 337321013
102 77 337850502
263 107 596496460
21 2 543171574
456 189 681673785
369 452 453454007
291 121 482640508
295 227 445417750
105 115 899842350
106 366 847137658
81 33 872030655
300 308 570361255
297 113 45189358
79 382 808977787
188 201 32707720
262 363 805466062
389 493 32908419
334 175 694322582
144 115 113591302
482 342 359298693
389 167 183859694
470 185 156688211
77 80 792288549
329 101 13808969
187 246 620807440
225 410 10556052
281 333 128806562
411 348 816938310
181 370 190139748
179 306 567439077
20 3 774265905
288 1 118273428
22 379 248022210
112 464 708622768
405 355 711093017
222 211 205812031
402 63 921358245
390 267 239347326
73 94 50437914
99 18 760134826
53 43 506255127
419 73 158457254
173 78 219867320
376 470 607392528
476 188 921002041
396 102 409814253
473 315 122884665
192 22 789349016
498 64 534141291
60 43 955187620
95 11 754976593
221 144 537265994
338 293 285962211
202 301 143052137
216 91 29817516
463 249 985354293
463 437 835853763
38 17 471804990
480 320 797817641
25 397 207806832
214 483 308201993
242 61 774967471
413 120 149275636
201 29 622130988
147 70 895319787
222 44 219096538
328 395 279637877
27 21 683568308
75 63 366356177
288 149 141282417
455 224 997176145
151 347 735350303
259 114 753227618
161 376 844251883
327 209 749415789
116 216 983534060
162 342 183330775
44 390 974917307
441 356 27584817
195 261 489015028
251 263 744183058
481 472 912470619
359 238 805450456
39 131 294223435
56 72 478224307
424 453 179380242
247 280 936448822
84 445 100788479
98 31 141510640
338 407 228844214
318 187 321809183
296 267 659943894
72 146 735555276
318 140 875905071
316 28 832284849
101 48 614718392
356 275 885135601
43 212 22922287
372 263 947762009
392 359 221739043
99 125 211510579
220 3 689909435
372 67 571592610
458 450 661587733
141 303 701640624
1 489 209947116
337 158 623773096
401 339 327258464
396 411 835295443
319 32 967266580
359 185 525120934
322 38 40806481
378 35 460707755
327 361 116975106
190 386 870891845
49 23 828660053
181 45 200634853
500 192 256625845
181 200 981404762
249 71 980487699
202 36 871636719
120 43 642154056
377 406 974800808
45 19 278642256
214 291 10196287
184 175 687792234
464 274 757742211
414 34 135007039
384 430 214867923
138 53 191352912
434 52 87707590
164 34 352265152
292 109 661002278
77 58 362088957
137 59 989177214
435 481 313474230
157 372 883800327
34 260 994606486
230 306 920706800
309 44 815144731
187 379 921390932
332 26 733484673
479 372 893566688
43 223 828882447
270 60 380100280
432 192 485722333
432 439 627140919
467 422 408245298
403 49 246841321
171 247 381406380
453 234 821187241
325 347 357147740
181 132 210240787
364 298 964684743
87 26 207987855
412 333 246507133
150 337 907904109
201 412 189581183
414 238 726867367
58 322 51258677
65 428 441278381
371 6 732121620
61 219 682806312
378 61 606571336
396 127 235748897
396 29 30741618
479 170 791661689
278 34 378659259
459 14 825035174
348 170 374604843
101 45 898873232
78 41 811227439
394 211 297412376
446 291 782513492
4 230 262232549
398 108 167592733
287 153 61749788
295 107 825948135
122 245 992618057
451 115 482175648
258 106 528561112
447 248 223246022
282 31 7272167
192 284 427635870
272 337 128527974
403 179 71750815
212 102 525835761
160 103 552546590
48 146 467777793
175 31 564590686
306 222 483454646
73 390 566259638
39 6 394045406
82 350 965870754
397 362 709247524
278 295 796164356
347 196 695889509
39 241 289939521
337 479 676745900
74 66 779729681
16 223 417859205
355 290 159532557
146 49 652532325
254 240 866051551
214 61 295767315
214 381 172268171
350 127 429888265
477 298 324724883
40 10 352786140
203 234 341198799
455 155 110810254
235 403 206909093
149 47 486632227
469 28 827295938
496 303 833428
326 81 366655927
73 55 90498695
414 397 989553260
161 32 247431987
321 216 363384663
143 84 434275543
299 279 782144781
43 32 893586998
437 410 165084959
395 113 56335775
432 230 278390177
289 142 680062570
151 56 630673394
250 427 14665670
452 106 672486676
275 368 905569559
332 304 767461762
226 177 891913751
33 108 429343387
298 404 5093966
34 10 524808683
205 438 162466675
50 475 48429107
341 218 303798829
451 391 865826283
43 35 421368386
92 347 492111803
70 358 225368028
319 194 90199719
278 146 201512588
402 161 702793423
190 24 427677082
65 480 726502369
312 203 378586971
4 2 428951547
107 481 573307956
165 349 408873959
106 73 705892285
262 49 642716098
342 94 247386681
395 358 866056805
160 20 942710791
89 141 670167216
124 92 733717562
52 29 739658822
476 289 323443729
129 39 630186278
297 66 199087816
356 82 547978389
51 41 89827795
369 441 484565804
414 395 517479455
437 174 86189837
34 359 300052506
28 299 355245259
204 171 997119973
255 457 149518774
271 73 151373175
107 287 910939091
122 388 788692007
117 388 661916127
457 167 281661001
433 438 216955420
25 355 331749391
416 491 233080198
100 360 687260614
97 277 694572845
444 275 72967262
392 255 145990656
194 61 748672310
276 5 722289483
282 102 861859155
64 21 95202022
353 238 710318066
334 90 122254822
338 423 572522355
39 146 227618391
467 128 69512670
401 494 167083554
272 59 917956243
25 360 864568523
136 170 552031392
307 145 869754325
428 492 870743761
106 255 554969965
399 130 753659812
414 33 242480220
220 1 109958318
209 289 404655259
454 424 652730607
461 330 38654371
23 168 400140946
277 223 840063215
46 488 300830804
19 382 578603315
423 353 395716784
281 397 492432453
341 7 519941695
189 412 906695626
429 66 922870992
360 279 199903744
175 139 207934502
391 196 309127989
141 148 458146699
419 299 223205550
379 287 330134927
317 273 834157674
378 272 36223996
108 203 898290513
263 324 671590363
3 378 116305455
293 139 602985715
3 355 268776355
146 446 390197255
224 467 311687633
57 17 472396942
171 305 626295072
391 446 700647367
221 251 466913584
473 428 33975625
8 445 554200124
186 171 598714148
234 43 679595773
457 349 722514039
311 75 322054166
87 366 896607106
276 434 393376682
368 358 613967071
211 311 444663869
496 347 510422476
393 318 697643126
486 481 986677028
80 365 805572577
361 305 138270971
187 39 757249089
305 165 240524376
336 62 716309446
108 27 528419525
306 272 557299516
213 67 850709137
76 436 664077941
180 359 378844252
430 437 208278775
433 300 52178824
141 10 453677852
422 1 23075274
334 17 163282043
15 11 483773792
463 275 195165430
289 458 479019340
91 291 371793438
29 123 787862827
267 47 451498204
308 290 310088066
307 311 133326392
436 428 364852285
28 114 460054453
94 22 398284003
190 394 355627813
151 312 308874660
492 208 81171600
267 205 639694948
64 481 800043370
43 474 612175566
162 25 666025637
434 358 728198675
444 317 649492446
161 493 262047647
76 4 180886719
386 489 994009685
376 8 872309942
64 15 916380893
197 3 643159777
113 300 250344
474 478 287174849
391 343 523907124
153 62 124149030
326 187 74080365
65 336 814170083
413 73 675435084
219 211 486761526
301 175 937332994
51 356 8434421
330 298 912323578
54 300 898701551
288 385 698479580
293 103 301348836
277 476 202881551
428 129 798818261
210 135 567899305
422 432 749636378
92 7 147013071
71 40 164101416
256 307 899911988
134 481 101061576
185 410 988480241
191 109 644755537
307 26 110165720
469 138 673254191
381 77 492156956
354 365 660529057
475 465 603904188
46 224 212813677
413 228 669833264
119 453 894906501
22 7 345468378
189 484 916740904
369 405 398524859
381 221 807285875
343 113 104589808
472 286 92859570
243 343 501738633
351 244 819397868
72 19 840163168
2 89 615477982
204 438 363804240
183 311 716840170
489 419 339075909
107 334 401370352
351 250 233940185
488 103 313668086
180 68 166594017
294 181 842272732
139 404 79657584
413 35 881550416
82 437 795671265
484 303 605727899
324 79 797726624
223 85 264574043
206 467 729617053
290 462 305834838
389 454 595365601
104 420 451827248
369 480 297533007
420 306 126276875
163 7 618279213
16 497 568078467
32 259 620113484
111 2 992613029
11 10 768742492
180 217 674139994
245 351 134108537
23 164 77656316
233 18 203507237
235 470 965801961
156 1 472451230
401 359 73494231
396 471 594420474
220 64 485916096
252 460 851428985
391 105 651708912
435 134 311909951
190 392 538967353
425 195 218456799
1 163 694938245
387 157 394693295
186 353 172637136
214 161 665174929
246 245 759134355
381 203 247339903
3 84 277891602
264 295 466347638
346 52 148867935
273 183 399868770
350 444 816387251
430 259 356206147
144 5 317128910
14 3 526996611
72 16 590701857
349 378 560286462
100 288 611371746
431 416 672860184
12 389 532145448
121 205 640141573
142 22 419337567
481 442 730839279
20 113 687562447
200 111 862299861
39 442 936419426
386 252 268098401
57 154 370820983
315 243 666064130
332 78 755966751
8 240 827917818
277 179 704322076
114 57 3701544
29 14 227954998
471 256 618212576
355 306 599569476
72 237 822048792
394 255 358916509
314 34 779835938
390 91 370213055
159 329 766146092
422 135 650627019
363 221 122922922
80 244 138977731
207 192 427009969
388 311 510634199
15 204 793681248
74 133 956002486
396 376 172726906
467 100 737730529
498 173 893431057
74 307 779766786
224 175 379101788
108 371 927440922
135 124 121216826
236 37 11919114
382 199 896090468
432 26 676627592
109 414 518473994
270 165 363456272
259 430 247270223
442 372 169360589
475 22 815551195
4 446 420237018
57 218 959486991
302 70 273238854
231 9 457401025
283 457 77802626
447 178 859711927
86 380 788861936
5 2 200732141
374 475 333878611
462 27 829296525
418 236 59716841
409 334 378708817
28 43 204697285
17 202 117243605
189 83 227218621
449 460 93163050
429 321 391304666
371 404 249021926
484 18 209085793
384 344 308507296
473 456 159959944
457 68 172130624
346 48 685227969
433 115 809040515
245 337 694462613
311 233 859831008
254 61 471977154
356 287 617844114
89 412 984380307
243 478 645030972
131 377 587525925
26 214 104786473
32 261 634116159
397 205 683769822
112 82 93210030
431 174 893767946
452 103 682782576
27 178 234655473
277 151 575017475
9 6 430148405
359 74 26363349
198 256 251750935
365 359 998504522
261 97 248312030
465 362 594419789
262 133 139534369
154 347 123938299
466 461 201283312
491 201 465100218
273 154 973829115
359 107 779536530
279 412 253348141
266 133 708465373
395 68 418049057
176 436 350126423
348 6 5994539
218 95 345628874
488 451 953448978
159 1 553209350
65 314 834534044
359 213 779640903
220 7 421585565
337 69 272421317
305 11 641773228
103 57 91465332
456 102 857762745
248 136 569897330
500 189 22160690
447 217 496024298
194 64 287439588
214 111 715495127
345 261 193920927
95 62 784489261
442 220 309356298
243 288 195025179
28 475 432300988
219 192 806082357
324 70 945117499
423 185 405080486
232 389 663605700
241 437 839049949
364 202 78986309
310 280 584841675
257 166 489004752
356 42 600723819
17 15 923606655
179 403 702961597
360 213 908007970
75 239 461819496
220 435 444724799
366 426 349780545
227 371 512663532
318 378 343023372
377 268 276779875
348 462 504148131
278 87 198446349
217 59 569286099
126 312 475625396
418 72 463909558
362 101 735705150
364 369 874653664
389 186 915799709
428 385 258687805
195 279 829931697
393 1 16568521
313 234 185630212
367 107 596741753
330 15 850831195
54 76 109929838
447 463 851832748
128 422 961318
273 205 794098502
30 29 263585569
406 314 588604320
62 484 654857147
277 485 992656225
107 363 756318152
471 12 764272418
407 151 480805461
317 177 904260025
350 302 83431250
119 68 940170493
240 79 858853796
436 346 568844066
264 170 538892544
445 433 793730515
165 325 705679794
86 162 829392738
415 180 831624186
148 7 758752980
231 87 115854321
309 230 581261367
155 412 695416702
315 92 298934199
325 34 23385099
131 318 45426947
244 148 411538801
48 407 949434861
46 310 954151771
149 35 687333318
212 39 527750775
365 191 612759011
326 216 618706156
328 418 809967157
258 426 199153268
171 119 537712055
32 27 918854622
216 220 99635247
286 162 152156549
229 43 709448926
47 421 692101692
414 436 282323401
56 79 629860180
93 449 580176283
253 280 642123573
286 163 837378814
497 130 871633272
443 230 999527190
175 363 269894351
256 55 614839472
79 344 987746050
52 163 205818285
32 112 417821959
373 345 659727444
349 16 114292620
388 164 9295431
216 7 278647770
219 147 361077547
324 381 780853122
490 372 183732014
249 192 719070621
253 137 747659264
493 342 999093197
297 158 481129190
349 315 695937224
353 327 738520470
31 168 282381225
134 274 358490172
369 211 744389421
130 421 342534294
457 199 754792852
132 474 984989366
304 348 420108939
375 81 837802665
176 24 413742192
474 478 694629366
67 29 762013357
490 179 506372286
117 3 45605419
64 308 799014950
318 182 231853519
13 83 604219248
166 361 279887639
439 126 584685533
133 366 560807573
401 431 121031303
70 41 27704370
370 69 430895893
47 41 344828884
108 304 169766632
416 25 35237725
73 183 881774056
362 198 900838872
139 54 228088414
394 330 855795385
76 134 289985935
68 12 825111214
275 80 43681896
400 86 736009815
251 36 196248028
441 431 930497438
112 256 511770653
276 75 238983482
407 335 866748289
251 220 897626878
444 72 107021224
55 384 686556117
139 294 227145756
410 477 154111172
112 294 390993319
75 17 986419865
246 165 848369325
467 485 931538021
59 9 936984884
157 284 373843262
126 2 913219635
132 447 131915892
6 4 302506620
232 48 665849650
341 285 359862291
25 330 467465608
288 460 954469993
416 254 823250768
263 122 859190060
107 242 383757762
497 279 915438339
373 444 226689351
439 102 618199152
282 331 584226046
149 204 452314936
473 125 487143535
227 428 775782102
70 148 186947976
255 41 937026703
331 10 767705649
164 240 667813491
418 465 385962771
351 419 179049981
351 330 969976189
410 347 864886021
180 198 78784227
320 271 178913753
113 84 159013922
84 266 703299384
110 60 144542242
317 434 329626275
350 135 5333815
224 231 407420891
244 46 976881711
190 9 984644519
119 449 718377229
469 346 233921566
325 494 406534801
462 373 422640954
130 154 307909137
141 458 904846112
194 139 285374210
147 339 947501481
31 347 412549605
395 276 461759460
120 368 225468085
482 102 37774419
40 470 517705732
156 396 102528052
315 451 770573354
346 487 456185413
464 377 410401575
62 10 214540153
298 208 405205722
286 201 497080823
471 142 232093407
353 281 195937705
326 120 779735886
400 90 602818082
352 153 234732985
270 256 52235440
154 137 278815969
215 201 166556681
114 299 835773824
409 324 860526445
414 349 446975341
339 214 331478296
93 187 748801655
63 89 409428552
194 281 208562727
383 224 908867389
150 447 693146180
379 15 336462204
299 229 451976334
413 74 131485568
102 96 583933478
261 58 886634798
429 179 539271015
82 65 212303844
175 102 348914881
314 449 925998970
411 321 941446086
407 179 916513946
149 102 757145235
188 42 799265326
18 34 952282457
177 469 428591522
391 424 336303806
33 97 138842714
458 363 385887392
292 27 673391606
424 348 655143430
39 306 872501981
164 131 989585475
157 179 51448412
234 395 875099250
462 78 446758475
411 180 102796928
70 137 371576094
91 159 886931246
465 292 885806189
483 59 78694670
271 112 803138263
165 470 584275295
354 317 695550757
236 428 178013953
184 277 897753384
209 476 358968363
84 100 453873907
71 445 26925077
191 72 929690501
66 178 518967749
388 420 191404841
89 276 980019237
84 35 224239276
396 74 828833247
271 397 663146235
214 131 314749173
327 200 116955779
245 4 933525061
413 116 20788936
140 203 476608471
115 28 400071110
227 191 108850251
47 106 697684796
297 70 880031713
357 254 524048590
410 5 506562314
208 46 123713231
225 122 348921686
364 284 569774423
150 259 596362831
352 281 312389432
57 164 228933663
420 79 53733740
315 186 461582733
280 473 540745892
286 438 301868702
389 260 688123518
232 8 330101157
254 244 624718150
86 41 696999671
296 254 423848455
443 113 688617559
116 453 351927138
480 392 363444765
320 216 353884208
306 168 486098513
357 244 487337854
333 439 382823221
209 84 301083253
165 348 392457270
20 76 814237556
132 115 722298704
334 475 546868316
389 134 768276741
249 424 666037190
221 149 459522285
421 5 686663289
12 319 78772769
330 422 526498158
486 358 234790031
6 333 192519962
300 280 257841106
142 165 724924682
415 237 336738416
84 441 39265339
57 22 319096600
447 34 109758075
37 16 370069958
185 124 808658360
427 170 608196826
332 331 411220634
470 206 846773092
349 206 247720026
147 52 363891257
247 349 870133222
115 5 245861090
251 80 956381244
235 274 382669415
469 254 69344051
230 146 810822325
178 332 174863846
409 397 700099154
148 386 951249670
462 456 341050629
123 139 756309665
203 235 853580937
460 416 389965592
124 404 982946328
166 386 840134969
289 138 555522204
441 269 405847242
162 235 615225469
446 103 530573715
487 68 955913989
56 355 802981378
389 285 71456871
9 250 913118361
492 281 931821746
343 103 762411234
341 23 717506834
284 136 712067061
247 383 107702469
360 347 901038821
274 115 127935555
299 186 834960690
112 179 993852516
198 219 451981651
419 192 912446027
118 67 767781045
257 83 51773600
29 437 570054770
276 253 10525928
55 353 389987835
382 212 279499171
28 51 689916435
122 10 1342375
255 248 701910975
18 2 213043706
341 248 953365197
232 407 549595797
183 121 182920112
270 487 56467467
296 471 194477501
147 445 857355140
65 133 600021607
357 244 33314155
271 409 986100232
311 228 784918759
205 73 143441637
296 137 458126073
333 141 931635798
245 429 192468323
178 166 587319682
107 77 834111713
160 101 526446428
117 21 745236971
242 136 626173267
140 65 396391724
224 47 189896111
33 8 392843235
279 50 10216625
197 264 324232925
36 1 45143079
158 348 894910426
303 156 800551449
248 239 868792262
83 14 555876808
304 346 205672047
79 491 894626890
391 73 943506861
212 331 630197210
134 97 256966614
265 82 813609486
46 125 304413588
400 4 536929779
382 430 51674415
386 207 590059782
22 349 853430761
27 22 733947371
342 160 962499190
329 39 904656185
335 20 389052894
145 473 715985981
225 311 153048872
63 25 443706695
28 303 615960621
135 352 535172791
434 193 668020305
426 288 987232348
10 214 377210967
215 452 184743737
143 315 818127093
469 183 37342260
288 427 366316775
237 415 754530338
442 290 306896505
91 18 442590775
343 261 424642555
185 191 744316985
431 270 937741900
348 229 588899555
390 166 385968987
155 68 975443884
161 48 459316844
230 131 661981096
486 391 163204433
237 208 311841298
200 79 698616719
464 362 292937372
5 12 790979310
492 124 869104212
290 82 64446684
224 265 266713567
408 378 15777873
500 251 186995741
367 422 776662536
262 90 789461723
402 198 193546234
272 471 179772242
267 48 162327758
201 398 718685381
206 88 938119388
467 417 396779857
187 343 514877559
255 39 469135901
275 263 72116416
97 8 661336244
249 50 731112202
52 249 57736285
119 72 885966814
242 199 362963484
53 397 126414915
138 113 593700895
308 126 385398797
87 270 269285503
292 478 489118482
388 499 590918084
245 209 92674099
96 384 702356182
403 241 899913259
224 467 459961645
36 45 201093311
247 2 952664564
198 178 464950497
348 89 954654024
180 200 516257949
109 237 629860095
228 94 267403268
309 133 69627072
112 116 30442491
132 422 523749218
117 110 493585706
218 388 366702724
240 153 760793737
371 373 236955073
24 22 255470659
278 340 233689902
331 241 607346181
128 9 155755859
307 500 201887235
272 20 545620856
211 194 631434611
208 16 244157885
23 186 171619676
101 445 114407078
399 321 945831377
55 238 406689766
499 334 633589403
449 72 108553332
100 6 723857509
249 442 167663596
360 147 15430035
167 108 536529193
183 116 745199354
55 271 140247017
382 342 386138134
186 120 733833347
167 454 371012080
363 93 13922642
384 113 338849273
372 242 930801489
233 228 594807905
171 298 399176798
85 494 56344888
441 266 361105448
213 152 530121917
221 245 949748458
473 427 782099637
300 62 192354651
447 454 744363076
483 205 110905309
483 445 723754959
307 335 241642205
368 362 917059825
363 118 80818698
261 248 123324641
203 393 971601720
469 98 676891462
251 424 649379483
224 465 241708636
83 57 840050320
269 463 880807430
434 121 229660808
127 60 954295605
312 289 278524045
493 490 17340429
97 335 985177976
413 22 468017367
309 225 775659974
49 110 879341150
128 490 562077468
445 416 451852748
256 329 828512389
393 285 814836278
171 301 80653554
254 46 508991846
53 337 750822495
323 499 505425660
151 482 149876858
26 16 594681355
24 329 301280538
204 37 666759147
332 210 840267406
84 341 675512294
224 424 157633949
93 404 190931772
282 7 149357776
156 19 155034645
3 325 9424861
217 154 570851169
17 430 299646672
303 229 828063143
384 303 838668121
87 102 664268807
166 448 818507619
138 412 945951717
226 23 918001215
347 177 878669433
455 218 710369228
318 306 149679743
28 15 138918402
3 1 112978335
263 314 978202989
469 425 143632775
488 272 809887981
132 443 856228111
148 107 879569637
313 239 100837043
83 43 31151175
24 176 804301427
321 370 711671976
339 199 250099045
163 7 810075109
446 158 473187709
133 27 510205237
368 217 748929761
148 367 797415854
492 64 856912415
489 449 534030429
194 368 683917933
481 223 177079120
285 256 2638764
218 107 940959706
36 473 284243940
480 403 662781357
112 26 445689487
70 171 315969745
44 302 338825312
408 461 183313713
273 23 17518035
182 302 466241315
340 243 984731621
378 469 510520152
159 262 775951488
352 420 898746360
339 411 24281886
246 48 535563950
127 438 899270863
11 362 558653483
424 359 584017938
458 397 32957060
378 209 94652031
1 109 71405107
145 329 886689743
368 251 307697742
441 147 740788057
319 419 871118818
353 345 688913314
325 100 348428800
180 426 227771031
235 52 75851252
56 34 761578096
212 113 279723577
451 487 958110299
422 319 223566378
382 82 449915593
255 208 660000628
289 375 851934446
335 452 175897476
31 20 531545699
488 275 996762115
392 47 355427171
388 121 118640437
167 302 470246891
411 28 402449545
196 182 120480456
291 188 311012826
483 319 991115926
57 338 842050993
37 77 890287593
462 41 366071967
386 338 173283768
98 149 125108935
51 223 696996463
182 115 683797090
384 296 594681740
330 270 903935221
358 66 180272744
380 365 380133392
285 410 718615718
319 1 258565027
232 292 692643869
246 157 492803698
404 4 674948294
191 4 528909324
327 400 977402313
97 223 513016108
219 136 546366525
93 53 451774716
298 57 100938292
448 70 494964607
438 10 74412106
177 165 589546370
196 338 826908302
189 18 903042238
369 231 691626626
43 416 301622201
351 257 643676444
333 144 670613260
185 279 219113064
331 21 644455049
254 171 550656089
478 237 137744812
390 138 458682378
136 421 134927575
483 146 373851520
399 114 750525378
126 125 625267236
488 253 50711221
435 179 542890012
366 307 645381748
338 99 475276885
379 256 808273773
300 482 399892937
41 8 967639226
19 11 467700535
255 498 51153951
46 7 584343032
241 229 759919880
422 351 646939435
406 124 497298380
65 158 890318864
397 84 560753640
96 95 499341698
52 303 217588604
128 28 562055461
342 371 354138364
302 80 107492651
467 225 749025836
283 351 498974101
129 232 433890298
371 101 847700958
54 487 971425644
374 37 691377018
13 493 123586164
281 67 783251228
382 156 433457980
314 444 20687401
42 3 725393416
216 15 150665855
208 43 616312874
333 133 579771127
8 2 933305947
109 9 763348045
166 50 575181363
67 234 402585485
454 14 617088972
272 284 271303867
401 318 931750965
271 496 344627457
308 16 269004590
14 228 473870960
263 160 188945912
140 119 538333401
436 13 345553597
314 282 756746925
239 95 900946712
386 377 946054904
16 483 723994373
423 47 760909120
486 364 906603141
437 472 503916116
121 241 135005725
4 196 259442197
137 380 460273251
449 364 674624797
120 313 656171425
355 140 745003107
422 135 184371793
460 350 152340146
295 469 692485767
236 46 499349568
499 393 526942885
422 372 640578635
25 13 834530518
2 459 765635983
378 341 455124862
438 195 896021027
174 154 142178854
280 33 124092619
44 393 878333988
131 11 477777428
81 70 357997840
179 169 323009001
150 71 33592149
122 52 900190366
290 411 162600527
83 92 794102618
453 448 654000180
488 52 494193945
277 114 661834532
395 215 917492299
180 302 542902092
179 282 799224893
399 410 54922194
160 401 59239564
477 40 449403016
459 118 595702423
90 4 749093702
439 267 168459453
12 259 999222633
110 6 100819976
420 222 744672884
458 173 213789810
225 271 432412452
205 81 282318472
349 424 852609049
54 39 403453157
462 190 406643528
268 56 492725822
201 167 522945858
310 124 962325174
369 238 274196743
475 381 193310285
396 400 163326518
193 44 779070564
417 110 276589695
120 413 306856136
336 332 130242815
431 103 112438919
76 26 148447237
485 381 619534311
118 109 365282998
317 391 510149511
227 468 235851739
208 66 444903758
99 281 646017579
2 243 367032077
430 9 786528017
79 29 58954517
460 413 503683398
277 172 582619571
447 292 827555448
430 271 282722625
413 198 653210045
46 264 359385097
368 107 567729560
246 376 363474063
221 151 520949275
344 94 424524199
41 188 474005969
449 61 294278409
381 377 784091033
344 324 355927821
136 11 386265555
8 10 646663202
420 161 365361315
498 360 6054511
222 279 944949050
285 93 754026719
48 385 932169114
463 24 342830383
44 167 203578713
321 328 12274754
224 1 141522076
134 489 891324532
48 32 949585917
319 346 921181421
92 411 615881175
446 247 797430694
356 2 278504991
305 349 394971463
298 289 600677609
405 275 631191402
411 355 984940662
243 235 982902240
229 199 992788462
175 34 573815644
198 153 935664330
468 52 540244842
388 163 888735776
308 159 355337655
217 114 815771451
27 208 398073700
410 69 355529962
94 54 315407511
192 401 229862384
301 98 997472235
141 331 834798061
330 122 866091289
169 29 224633696
317 465 150802905
40 166 812322964
435 461 421819222
309 18 921048011
65 468 228596843
249 137 823977302
241 137 676019217
184 23 696532406
450 488 843774862
101 111 746714093
247 289 945819944
488 314 492754078
448 210 29011480
83 21 866382313
301 390 385818881
90 184 906644187
387 425 825089421
381 267 842229708
402 487 51584440
293 262 319293705
250 277 437019410
318 58 177705155
297 191 245602237
489 282 633579602
494 245 873052198
165 449 153639375
120 35 121783048
18 446 139567832
322 54 371230752
245 386 902866320
400 364 832825443
161 135 557316238
117 223 266044267
391 221 576672449
168 73 513879921
423 4 590330590
252 236 782830456
241 164 964662422
217 310 842417184
201 160 693876224
227 209 650615385
450 247 774168747
371 220 330062581
80 62 693627461
172 28 261970553
2 378 923045922
196 83 177975106
484 338 607226923
274 234 974227771
385 172 457941849
10 9 894133498
262 266 710690470
391 450 166373987
499 183 596116083
323 167 341742865
323 287 919838325
266 335 216239008
238 235 44522163
478 389 161655244
170 148 869918465
131 10 191413636
82 9 827829408
121 106 642917729
303 203 652032987
374 118 131054865
439 376 797377548
96 84 918113911
302 273 653816500
378 315 643237188
500 408 927223264
400 285 871013592
149 10 68112341
123 35 50210430
283 19 332538650
26 346 999212614
415 205 195342724
20 190 89730623
39 252 317630625
351 386 382566198
365 237 475240421
15 277 877382887
434 392 46402063
358 311 178045446
441 327 506873550
367 252 20175677
348 419 967685784
47 276 175561594
284 249 724837679
459 384 692474690
398 113 253954020
374 494 480291805
331 316 320463756
99 276 425789943
111 89 928137468
268 425 705347828
299 292 395885845
203 6 185170277
222 385 302960040
126 21 455023419
339 498 434344509
479 252 213375174
426 215 174700551
269 180 907942389
371 144 694425453
353 462 453095017
130 105 418941315
7 1 38076534
363 187 885003860
226 128 44463120
256 2 884808346
196 383 466416505
61 320 135787285
61 39 853366988
467 457 394198435
125 429 364961045
300 385 739167929
177 229 186916826
62 397 597133955
436 209 486622822
58 184 702694170
36 259 711086869
154 90 522866912
126 260 81681557
362 253 420477482
16 491 797330441
28 218 995670754
377 116 832599564
224 273 791498029
65 10 663912117
222 149 725393344
357 186 926570435
378 183 658884020
162 273 893260178
318 426 402839755
72 87 891017959
407 288 1412189
373 26 354835477
145 117 43409644
47 43 56859427
320 78 508911887
198 385 585331066
314 31 959127255
36 30 61290896
239 86 969454073
432 108 908698938
186 276 474265773
236 174 804938998
8 299 411576253
257 159 237543501
197 27 896323046
201 161 551836207
478 90 643474698
111 244 425898977
163 494 469162289
222 370 973334806
433 410 264751313
42 110 275662868
143 68 913123141
431 383 961419183
415 220 278519858
364 390 726882970
178 279 294036444
101 480 627940262
490 151 199599190
483 42 163537531
413 451 763249300
38 399 982617495
500 128 143059865
81 86 820352644
494 4 667899050
169 92 356445159
251 174 669469529
13 9 434294602
358 37 27446034
391 258 229834283
267 363 651922847
97 475 345704081
135 454 690346832
312 390 461034496
79 434 260665245
388 232 710582656
133 355 247037876
337 241 634745385
317 357 244783967
483 228 661438825
211 89 208346605
1 281 963431356
35 15 590658486
472 233 515359704
112 262 746385484
328 239 596713111
140 86 152125233
88 3 644829528
69 21 600163004
274 115 993510100
256 359 28442216
76 177 772307384
417 171 199154984
437 59 452467111
186 149 396347876
410 451 665406518
213 179 443538413
433 282 494006143
390 156 781056857
188 497 58231203
104 22 108953761
10 171 418839608
196 418 755297463
164 129 860592001
26 56 765780279
7 181 706908651
173 73 112302641
180 187 995951415
430 40 973254699
257 139 866130609
116 16 436503870
16 200 229935671
64 173 810425942
358 371 556354439
267 171 577255469
166 287 995230770
89 243 642737467
123 213 647333759
345 142 715152743
383 101 945369711
202 343 348406526
387 3 989450855
250 162 998001755
329 374 924634833
55 128 622664672
75 79 619346629
23 10 154688119
265 273 125088199
226 400 349075283
445 86 496371803
325 465 521799894
193 22 70732118
272 364 324964751
219 188 478569250
399 149 23007214
174 143 314563036
191 140 207948173
152 109 973345941
363 423 934524456
313 191 728748073
467 404 342612114
464 380 139737179
338 63 618586839
487 264 885439265
367 376 416381938
339 221 823144825
83 24 895381237
297 311 928535064
53 293 678422180
244 221 660280968
20 236 625113078
488 196 907510247
231 169 126629802
272 80 960235274
481 343 716107957
118 155 157734263
322 161 325328693
451 290 660019180
14 494 774179371
67 88 660811382
134 25 515937250
143 457 886493331
14 19 473741204
333 70 288357341
304 268 92460740
209 49 242173389
2 1 915025674
135 8 154213844
286 133 226933207
368 492 144585636
426 60 494376308
195 84 373936479
81 379 631580126
185 120 745731677
474 464 446270509
238 15 485883229
44 37 824323001
78 13 365899435
96 429 947776528
484 60 678480307
343 99 644984975
390 330 151963528
393 159 7473213
107 243 313966554
466 322 979222573
455 295 348046395
34 200 38643558
457 272 346136493
161 227 476281388
181 97 845560356
487 26 803208874
440 54 935755482
358 31 283221007
461 266 754182910
204 435 167228704
344 423 606532759
188 97 460454080
213 313 838358660
381 217 265939713
231 366 540360756
16 10 450643357
230 84 356560750
387 212 61685087
12 1 178041302
321 92 337862894
34 416 246567079
208 111 405097650
392 177 177263375
294 442 328819194
206 289 885482689
62 55 987027999
488 91 862589932
482 219 405498660
132 98 628553991
486 396 141031537
165 13 859464183
321 50 529240353
489 35 936954393
244 195 71761518
28 216 64698317
480 17 511983511
216 49 573379400
219 169 678015482
454 171 260468674
384 45 634094390
101 124 202943129
494 302 190780959
253 95 226811901
89 393 350664491
8 208 250040490
53 51 299072011
377 275 172237913
445 105 957862589
158 66 367395390
495 146 693590678
120 464 483418075
251 127 203219290
52 186 331940907
425 290 906218880
365 9 428912526
436 485 91598985
182 134 644280752
139 97 165713194
53 300 987279113
91 43 523010130
454 377 368859418
107 109 888416581
397 243 536300303
448 13 404311979
380 135 772545775
236 477 18496303
454 390 310393533
461 240 276898768
267 370 362768481
113 333 376969252
453 444 442107533
70 13 187865375
494 444 718408549
147 97 376014226
359 469 285618887
214713480 836385715 928179697 279269630 105034875 876872738 628967420 66195686 250334623 693767223 48193888 784964867 276977006 172065647 444588022 383200583 247017600 261998151 263985190 239459177 705941963 915629182 863588780 326741168 359634048 126308238 927162340 642656402 408894116 812724650 577491158 27163185 831667832 935964657 588983534 124464624 477114883 882164689 231076489 580482418 863792585 1011895 601192636 653672564 474962923 548468580 970653167 691744474 512530449 741444867 743733520 640795778 972421518 698376523 247978075 363931811 241704217 627734149 815228941 527661664 112930662 923972046 688489502 108840485 116516037 783193620 960101293 338929673 521344564 5137772 41706136 27956386 363444684 260349004 765340439 921390954 959830906 14750652 129539204 106531538 397660654 177508935 266267598 334455669 331542213 410154756 990673171 386071544 752767757 808562217 582711239 603735650 745842753 413550737 691337687 717881216 897396643 806674105 670148336 938469378 884455923 628662813 92401873 74533290 56487708 229028269 831011977 713153021 728027368 541987816 460137380 994810300 751667719 489165909 720397652 333678166 631069817 39381870 212228315 935708647 495021297 176748842 101840 289208184 457567088 691689699 873883213 108901538 632586562 798572668 895568651 78827515 198966400 985842674 752050675 463642560 356280488 513639587 834267861 861633470 614445446 151487380 546875542 583233326 77325336 884405107 385332837 602301213 22219633 815061456 466795718 505225788 544547789 618135838 882230597 391253310 236399097 45349907 233880833 636967364 581703537 529581163 42430368 492382803 310872339 34119147 776034441 804812653 169210048 634679047 391819070 69883333 455291985 741379529 715136126 398780567 416272784 639981625 102427516 849920915 624619008 550605109 210768662 618774601 567578210 872464274 722402579 30706577 257264393 724470309 890014556 318164862 389565362 278794752 701470376 467442123 972379375 783885981 518626551 818326300 195024890 173093597 519448443 543454335 658552792 379154582 844084422 52471529 388545747 305877234 503661617 596976915 854195558 847143998 417083214 398952903 959624860 426415966 748504026 614204924 141732124 430613573 489089049 844186480 855101810 916918957 982756347 981261629 514681562 433489447 71588673 697630732 649432321 358207454 15429453 16336278 401274333 595291945 568530879 529474408 157386723 289036671 696213683 823758404 416197677 72539600 735175229 766916322 154435079 901849988 892276895 825713926 811343537 762285058 362632629 373366527 246378024 586414416 79963494 815975572 860364263 100184249 722350850 92366727 699446953 30604418 675446204 272389092 885238918 71141191 973375450 551864107 321049989 72809570 144275417 772582834 297693496 31492892 686249363 733146 910683694 629447380 864034471 9339990 960432961 604819479 960644126 547573544 90869486 799300528 835521348 719945796 724218980 51583196 612203777 880609755 467438257 343587012 937855690 54868233 297588088 161163577 107149481 886323451 146837371 667260456 708877026 325132367 564735704 192535689 919409802 605887638 452793018 68728235 678370354 275208774 599942788 168365938 240338701 361991424 265005559 756084977 264792679 746496261 643824663 419613539 779034327 613423477 934525945 788916946 107280823 849896971 940660523 835586137 948164295 805770140 671858530 948344692 459814375 398435861 508792034 680456637 942077170 467078598 256175206 306468340 494658764 591223590 818247701 366480684 31083258 951990219 236377441 825275432 535091540 73410889 265941615 524224143 944520552 610437541 427569921 590768598 452712567 789188855 638312101 570328113 654053695 277985976 236573612 138440794 729987286 971331064 573335418 234881165 531661596 190300224 8746036 834493410 430473460 776596738 405573238 865089530 784863497 663771826 643101891 902075057 276660805 482329827 84074496 630005232 620636576 163999976 780279642 479546632 88524874 702514591 831877182 780926941 839012314 981615433 115714830 560247408 989394963 786872809 60886883 451722698 399378720 49026646 926158889 359062664 665917448 728809417 811010830 631159132 478810916 593132678 452291088 413969256 949200827 940548429 535083105 757662357 390766078 941866356 355005378 770455329 54010298 941485198 955423708 194125684 227592371 101886277 523854430 60865254 740584639 757699364 74563188 755108522 488048265 537080371 161616067 157911158 38048234 883161333 221781900 757920438 833882182 621833305 9317812 432881179 107454407 993319203 263256340 535018979 431824753 328087442 211199943 495693288 397710880 418566876 285645240 252271890 526271630 782106891 805406903 880911798 560859262 526875305 16873482 805284238 795023278 414894854 109565812 784301631 791321853 454593344 573829809 747108250 310157015 372264442 658734187 96563953 173775508 885366372 36819333 711966248 987392418 663050291 671791005 267615270 206112288 794205503 697211380 944394257 197005965 966855588 967845565 336136490 197173199 601957132 78692783
992619658 491512302 310044129 554746564 556843286 303264045 742902873 813034235 149110464 381254942 865915625 405598763 292699243 33189690 664132653 579480456 323230568 90465245 44025319 275857707 920272631 28510872 141765805 529076032 684061601 401241233 720278750 281930030 604823203 145023131 564668374 444365900 198008413 50018883 435370863 232185222 510056382 64624129 311190410 435549018 544334376 542806419 588736642 155691883 217424180 470842358 911089040 205042505 600053524 902993520 404268618 23485117 600238569 779912535 208494492 367508969 774483018 806536983 240072012 542883014 430068815 947460808 117930098 153204352 889982189 157931427 231564146 877497981 142679435 347375739 946495527 421912923 279351657 616647202 586757145 372399644 557686528 744061322 709735701 926828209 34383312 379337688 642158344 813745712 268384003 778618452 250118481 113333278 62797119 167615195 687852411 352180545 591016309 731954184 696836249 309631072 355389749 940060870 619715233 631368306 555887982 872764960 789352153 550854531 183635041 690967082 75919498 238670607 356693951 8847359 634507313 6483908 800924043 673672421 102756137 99614658 790738422 94640193 619816338 216246587 847874127 984415762 246963729 766008738 514527714 185684269 641885962 980985702 541827676 173625497 294969169 266878881 877051614 941854581 924451177 472718380 222412104 671266580 65360814 70619561 223524755 520251723 698726951 948189711 93893351 487244389 282919819 607265436 577006748 950075303 206704014 737230619 138036341 376177110 597796148 966606808 618019825 284126242 816752681 579659674 590629487 526612029 339756692 955239510 16808925 86162336 114164440 960190943 28381698 104384617 406824722 681490423 774047562 509898080 779160270 467296061 520601582 52690944 421654351 58149042 165615544 490672616 286049940 468212337 264384302 974923527 286376018 397594387 421426937 183096575 122016644 187287874 448118301 592024928 249242236 333360832 155920920 890616428 370387126 215041935 546654337 595509646 573980178 973803959 68082240 662151959 356664881 746127720 229785890 201476160 572149445 470110811 756185322 452955325 178061008 161194793 643409836 529888425 696514380 880603226 668044507 509332693 400180088 544563642 56109904 821358159 986182802 526304467 402103251 232666465 22526290 412014197 254479152 62415394 898928041 762713297 179102237 806826183 473000099 753861449 444390278 194130332 305167990 872020310 970688472 741223403 126813942 759418801 912098392 337594114 387986969 497889436 638519561 709566790 903121631 294531258 401689697 542954380 692497050 743580277 379060441 559987420 584414087 111801675 89428336 698691840 238743335 153448602 685361337 152109529 222486948 520393667 664641648 245484967 972266619 354756951 580955352 881531567 788226764 791324583 66729763 647614250 683888931 45025444 146670259 345650246 119227452 314388772 709043355 257162017 796219195 587315575 818745007 286129149 487414062 411459651 899112572 435181115 420665632 586813168 481308784 169038264 298499197 175710482 693335889 158743077 902826636 427378339 297882075 959626582 94918005 443629751 254007729 83738608 882179573 519221185 701799186 162693417 298377676 922704745 836449890 210811898 534212740 619754359 533525728 560044428 251431833 325588150 592017552 774193797 682036957 731836274 210304982 964133235 697689192 629348547 22245714 127751082 517886622 367075028 998099873 779474875 222144243 676125351 853721169 587922888 562022035 484185417 20155454 146063093 636711521 947159324 259634124 752591781 383210401 646766041 857019728 952488218 857396200 806464508 656689176 581702011 377950549 316777911 817695009 681236665 620326456 241873163 635209770 166080575 386561463 861233616 204474835 152627409 113974533 94076596 352280876 150812430 716342027 497518689 118926342 616429600 446604877 933012690 821236066 513395732 712581541 325697290 48005875 295681367 98817389 912187242 524979439 202260962 177341717 454195205 20566520 586452601 63093688 257939103 370545224 28096765 438217137 389518944 556313493 379576416 434261048 162707775 682506682 494120479 851121493 900148561 981772786 525586048 357207758 656102989 650962194 429934634 889480604 215371406 182456445 38749262 909764816 539368602 540294266 457241872 64719208 707276067 527176387 387879412 246241473 657650011 580160170 381908611 717350952 459091768 374249641 897004597 523329855 186206765 406683470 837018038 848547389 83395970 973113692 770199232 976764758 346956800 564048078 954280890 717637631 405688473 351426010 345122796 472588838 496235160 999400173 558128205 172095098 15942015 823804937 623876167 312137217 483638345 484060683 621550833 387047250 989681992 394014654 823346019 625553088 831788647 230057312 342532566 323107966 890467570 783311204 731471645 831043577 97199774 747688627 473616899 582314473 519944428 565588865 364353973 355040855 919309912 509743994 631228288 747054738 324097252 403187765 950013664 764920198 828125040 365263981 498929154 910932545 393536231 576632118
903281286 974453889 987093066 106626695 682821819 499899118 696499365 799329767 574743924 371420080 553174912 919662911 610089366 487510204 395090381 682105774 733569298 621283596 299217893 552345340 327010519 726441906 329335087 182835002 225607310 266738842 155266152 33496358 308429920 888264983 531938477 781547139 385490402 600873987 433652509 555487091 860292113 384613315 6898616 579893108 632777715 124857411 845692852 819181043 543864623 432935576 235177609 946745538 480090486 239157301 882679506 639789880 554343865 19403687 835698786 518768793 992374023 421376870 868637105 310662865 411839478 668719759 661592034 615521939 693451458 740309872 142171036 135201896 945547132 442711696 108789763 756483791 666730969 391338264 246228640 900727213 905828154 170998061 854527194 76538360 508653507 791223410 15333969 127767236 931296020 907788238 675997293 139622943 836331990 263588775 736949859 983259435 540301331 853491223 397026378 485913853 104910907 938452114 830294011 385634695 242842049 260068732 286183717 874290404 744932381 237077847 678614216 941898339 226820295 919017568 798437028 880552446 484013616 316947838 859307396 133075947 256789028 652010541 739479234 974776692 36727133 512375180 662715881 705134431 35792858 691232459 166335888 109711634 492101530 515750368 625641547 74491277 145224358 709977092 937111875 800337403 737074193 600979448 941651242 162639401 743004537 767839530 538798027 563180258 295453298 985600658 629644322 283142466 710399874 175864565 771331279 75146691 232410785 105056072 193748115 144732801 849863561 758424960 30355015 75053644 675446954 327814884 750703910 755863138 928525114 593841221 758033661 641370981 407913807 835562794 649135265 696542010 938302775 479593200 338433749 740982837 872205228 951595221 757714200 512075982 69327380 413032014 823965009 550877894 458682429 214955816 118306477 602903190 866795595 519485684 215754739 316313217 472062563 107327390 371579685 438766122 135756916 694590696 726296012 726094329 753363168 343702969 443545200 234901388 952495989 343852894 503808431 774535188 175609380 11323970 437349974 254484303 838625778 772267148 218413445 427314667 140346868 961894284 552810139 742009027 725597309 149484145 829752796 992085042 891624534 741733192 741715888 806508271 917376310 227753 934382799 239329171 404214641 754463355 911881427 983075471 245103832 149228267 963255831 275544066 712921944 230081414 467855368 256853123 982531192 297412132 229329992 954309017 859368639 179582942 46128203 755894809 685932248 777894545 81216654 142143247 71874951 13923452 462520793 93384234 409743115 331814302 725800978 629630617 848531366 532118829 216752026 355468128 750823406 619066253 179208355 640095191 302751852 263294398 78540243 384511177 923789090 203404952 859631152 417089039 148635524 879415433 237679032 437926721 355591047 645081093 709170811 805738785 788592999 657244459 743983800 662918140 998235883 387330342 412841882 616680254 249866921 772585775 140495258 614729111 1462340 267998897 693177183 213827681 847165832 207357158 476366395 590366540 92224965 844970520 493994281 603902182 158142385 178978233 313107623 656350805 569855639 395926219 842902156 491694921 319514279 262802938 926296745 621816901 645400075 765146298 647921442 698194395 391318244 892828736 297139884 372370052 56708772 468386899 528122521 347642734 867860497 418200761 981657133 283742245 774694939 799057857 804219777 497328292 316773912 909675437 79619663 272021470 64822780 67682796 828722246 965536587 67511171 363349745 471823842 624173877 183412204 198301441 521912837 853660873 819706067 363268092 191380156 833452985 170456686 475224564 815906940 450967853 896009120 564510927 440596852 862682553 490640722 451902562 923818745 475539750 512183969 419286674 776622726 173412473 578042378 430642176 835347050 679064918 183824570 479663815 716099460 21288463 580653432 194298053 115492483 696556598 909002232 252061736 54198330 542033942 566088592 727122010 857655499 794594005 608056769 487640482 502910518 326077210 268134571 343069781 107352194 4934476 974005681 864338100 29423652 110532725 489026232 195837642 940362414 402830326 463089411 176000015 167421328 887162048 238226083 669268004 866346183 26937010 966405158 108333402 165601630 409977946 921973326 111142185 32670652 509760290 328548524 960714527 822776747 724132504 429466093 572161649 333261072 591254879 204230341 11279384 119788233 437244778 857854829 339894681 786385150 5129888 244469268 296915750 568696669 982508749 790849236 821960044 171596249 373869382 495024032 649842999 997170976 406861783 497487545 892121752 723987870 249425271 147948720 110401332 416605143 787051412 382079128 983821411 788066975 533400626 626472156 558768044 733429192 258536283 283832102 299767693 447939969 762788932 965653465 470303636 532120523 285825829 268182407 760696911 213217096 367094701 649462651 877739348 140466903 55064750 303899590 538739094 253938729 884274279 792206499 258202735 276820634 577065315 995733795
501248783 118798741 849291768 632224654 415898485 353814979 844034959 147565082 476301754 302099401 864192985 873204439 283085550 370597215 153430138 4797388 392531514 680480149 893015456 848511059 36296928 68194357 227015764 414992027 474948862 765883083 293089812 701544192 103674145 79868167 789956700 489377928 990796520 267798 766529611 263222495 963534147 696607864 979584414 229745197 284998169 743049506 249196171 715158064 646685448 570915402 368131488 334530250 488745155 637559492 883047868 872940188 507837400 360457303 316565961 1776623 909409544 906086170 950496799 370666576 397021502 158748942 20231622 775278366 344718100 422440002 445480879 993700464 912689104 341746204 111371004 170737145 912028179 669440485 976973714 655186184 22748052 517050679 681449104 341737772 478266848 981984403 280887568 708021761 944756764 638225241 723819705 279604400 426855744 893680821 80392680 574494801 889313216 218655607 680385591 800880762 389274265 691646227 184593494 997048854 590872892 116979204 834834872 462918637 375291860 171331646 7611669 49130190 823923705 492178299 340978629 881910966 947370323 192847460 386269125 570657593 532907346 491599119 813330544 522318614 631480057 322624464 688447596 117367867 938976035 595896190 185740970 848011828 82689383 700853629 538084486 463380416 533258424 684398677 15753608 247332464 87595824 318531269 61860323 209311 508140249 865288893 120581561 176647355 814742898 868084584 326654393 420753227 743235607 356230818 553309847 84113409 173468492 112587531 206458422 277291892 765306229 680680180 907058162 627959705 239752696 306234162 492449968 26461992 122604258 38533274 310317180 630361351 722111811 139253964 985952564 62388364 61487528 548824003 629925696 711870039 875426185 833381541 275888341 667827455 80642996 636364377 421601245 564037813 179605974 463215340 293770463 135920655 100803913 879340735 818328301 363628346 840531249 623675524 467276092 268243701 535905513 364632522 584673304 284602352 899535634 290198146 822136331 525096759 793360548 426846923 195009931 247166333 456192658 251987054 403543436 251310092 63213320 171656002 591208152 713042783 941327690 424229793 509319534 157868673 158711503 306980333 298156407 891999034 853065260 429603062 806180990 324382619 160487272 720150450 91009031 690511770 145306950 176998325 53124568 490961559 14664837 959264700 832185098 347850671 319601500 411287701 280085866 622697208 32909341 381824191 58045316 320961654 724964281 343235722 70784153 559772613 362930701 807595444 139433724 308229796 935423575 835124449 72758590 997331734 835004620 299156424 465451890 356901803 797920231 10149083 120817574 534018620 866382217 224445104 310472635 37079228 406539054 373041456 731903255 696206270 948093430 204729354 316421697 222723756 735839775 114297749 234761148 594935271 537097692 835907039 707221884 83780854 357942136 478506392 610586955 707231593 378730748 151234107 798483706 97295936 944993959 997288344 810595050 872031001 235696607 299191234 574227753 672286573 574338292 495462733 790900937 851019629 534646211 487356456 835141624 918852193 68862933 615637807 62247155 376715813 493652108 963287239 904109945 885631932 959701618 530627561 108523571 121196021 508733705 66713520 414728325 966956943 421389913 993656295 56683516 249792103 842402866 768586810 271146596 938995051 422080160 11264942 963453464 978645304 238896286 918421761 903627703 300341984 155925336 176906271 68820043 792440118 62517914 630843402 118883015 615265102 316410989 435119897 748522594 43764686 226336056 885653131 808837363 150556136 675665547 60834390 785647209 153778497 392572801 232044285 367168157 684125081 74675853 838094811 921887015 246224838 103604731 668919855 165912933 914875381 205706297 791216963 473549890 206536185 993822430 56898830 832220509 258416508 28859257 969483608 18047437 775382019 384374592 851216104 229649555 803230772 805964700 877682596 683477462 376637726 79886654 98612277 121392745 244968791 539812392 361430989 953544730 215764525 143839620 270749651 966317442 2633290 725983924 163149735 231985938 470401425 757251239 419627840 708394442 612676655 246226918 38241463 845447757 409855417 176311498 573870896 729221816 581254289 980769274 243620989 748134059 988593857 766857536 145124567 476422534 352954874 56237217 476722903 281206440 518742572 838737280 965501703 510660999 587794662 659116289 823583122 666740635 52273813 463066361 392517654 434713222 977000844 511063628 983959709 780096647 133923789 520666250 619870673 332785112 262320030 851611522 141785826 496168665 712220505 124105774 179546221 727101032 876606579 268881304 752018850 912353090 913986515 244183988 882328193 906607190 539397867 798583424 222029116 200818641 577510500 543800810 355910098 402744378 524914936 253176102 566505634 909458923 314179296 614498199 469768140 260134940 934093038 537614080 186795387 130625948 787305498 402364140 703052009 275295748 387543335 439928982 629342434 725559940 227415260 78981664
572546098 790858252 953763312 164046976 579565659 850056841 1396969 366021910 396011172 13661181 575092996 317786715 67080119 612860960 390084247 450287473 134672428 873050157 323874040 81670833 589460673 420382251 545068189 448585833 449299701 937715987 956406649 972357105 169757829 379247176 379239851 288938173 694953855 856049718 123217681 387094416 514170449 161524521 891207804 951638214 321942039 154651405 310819060 487676343 763374982 284676832 749038409 475987874 472427306 928835224 481427166 244382023 710696571 947296481 37988436 608489672 903019226 616175676 290575055 780178434 916978816 598723849 301551398 311570099 745206669 436360444 773559790 213113445 898095195 919871732 761115765 786830933 326542701 417113025 396790672 855096694 45921859 83063677 354543980 893748490 248021655 298656748 541197397 762863336 696411558 937822967 201429740 266707997 353040692 901558339 704125977 964438219 72701899 786669357 743696331 77587207 119789453 120820152 544923544 920655262 319407800 131302515 62408248 658654968 143240621 285356127 683907290 829933931 321542225 685516414 717678294 794691844 420738691 304085406 591511065 636172809 598563453 847358903 124802477 948358451 201020507 575736140 356241592 563701434 206542124 623875591 866480258 367841731 765878517 198363927 694474654 842655788 911652272 958947391 764919151 346490792 929013497 627740934 806161283 716735950 950154093 989568289 414208951 928998141 495575055 816178873 232173792 747741815 6380348 286335195 138566367 492471095 796657034 565923275 492035157 149766012 680615695 431387178 491345201 508768793 689872394 885067966 797283126 956759486 593772932 702783892 427464745 256800593 615193320 87467935 538085221 36873004 665944099 471190244 354854828 707767604 929032010 576093007 327871851 31320850 230399337 222850932 608040024 74565054 623386466 114648161 984191098 812331767 983853035 369678475 123403296 433724304 699432870 90281764 151067123 935377002 785734048 931921562 450545277 244112518 548697650 199927242 529563649 169008773 586616754 710262476 204619629 187231167 109031216 639836677 900937790 437537839 475585453 981138966 376351860 153266662 836728588 26197883 895328391 986857935 347530409 149037495 340253736 72414783 606856137 631141626 910258751 141310220 444290334 706186719 886076101 18836221 77067980 496331585 769999943 764294947 25656572 579187403 826055900 930631958 347263503 972323435 314487227 604468079 66804008 405053755 497851824 76444263 660488440 32715344 247660570 12179489 23068818 499115875 116768899 498047130 735826724 730290117 420235283 665052652 412843211 145439622 775056439 902933507 741372725 966509093 590893954 588932800 388828873 261854056 688919360 443342878 357497563 916296135 313824719 99761643 123148082 987066242 352045040 759514678 285543489 882600176 688678147 590714692 214530592 352681510 538187301 197935011 435482649 799086272 403918382 974758128 987258314 666511870 429115778 512074031 843103259 438770383 398611531 42837867 12967083 370927175 887579651 227895812 617971491 8300694 844663976 967740638 841561461 205664255 675065512 287715170 213672509 63286191 887175080 389360973 292274551 442747970 448782715 561841571 531512529 105533442 100193973 847874155 300603094 155985843 585497124 213310601 916379868 242192604 321108954 62990660 814448696 603900639 965342496 756598890 828554319 938868663 306285605 796609979 300589664 144397643 427944799 393987387 703404076 760111674 395155263 404033317 170463543 924450246 116689526 891087753 686937711 719019113 294854126 258368812 510964860 126561445 762130742 687744066 652741340 879144952 414571401 554641090 211643854 714787694 266594326 195279990 3843388 129411690 700747901 43781867 452215480 907108249 276929558 154169381 561544316 564297683 386134885 536229678 378736541 822476360 957723986 173725901 69526130 160109998 565995475 632554703 204138780 889945680 211592340 702475532 855797382 903678994 811167137 429189458 18384560 327324805 49927694 821491025 789298764 900721882 242615288 765623519 48779360 525656308 714222225 984673988 276107251 926287443 585126082 489853766 5833283 914967369 607270938 10855294 980156712 707347136 146977822 52043674 534012736 873566598 752175436 962244991 624405512 445380241 236888924 712870347 493222078 805619049 853219878 625219095 66339937 779186175 885818729 173926993 280621840 767100986 993066683 2626872 485773367 480489043 577543907 65531866 174611276 12420072 406217291 342381453 927279039 938738409 542930041 854592353 1022450 914856821 963461506 690975303 939906880 490359223 564334211 13429126 434616151 8928549 976070451 770000568 85954329 934993563 841072797 122624339 128786567 150267355 128132672 213324877 688829279 758006949 503115686 196937837 987819076 575771890 424410369 541064150 997178754 395217114 731291266 695704746 542414684 808621754 174419962 439103690 365869791 828250822 417866918 967769559 105930435 765686790 872986579 52807283 165273257 686817691 644338359 770633776 146190380
